
 ########## Data for k = 0 ############ 
-0.165723 	-0.170920 	-0.175963 	-0.180758 	-0.185272 	-0.189586 	-0.193580 	-0.197212 	-0.200587 	-0.203552 	-0.206058 	-0.208238 	-0.209900 	-0.210992 	-0.211682 	-0.211742 	-0.211109 	-0.209993 	-0.208123 	-0.205441 	-0.202199 	-0.198093 	-0.193084 	-0.187466 	-0.180924 	-0.173462 	-0.165397 	-0.156448 	-0.146690 	-0.136435 	-0.125494 	-0.114045 	
-0.165990 	-0.170500 	-0.175931 	-0.180907 	-0.185673 	-0.190187 	-0.194405 	-0.198334 	-0.201952 	-0.205200 	-0.208072 	-0.210544 	-0.212546 	-0.214061 	-0.215067 	-0.215494 	-0.215305 	-0.214485 	-0.212966 	-0.210694 	-0.207673 	-0.203848 	-0.199157 	-0.193634 	-0.187260 	-0.179974 	-0.171858 	-0.162952 	-0.153211 	-0.142764 	-0.131891 	-0.119568 	
-0.165873 	-0.170330 	-0.175782 	-0.180819 	-0.185706 	-0.190372 	-0.194786 	-0.198935 	-0.202787 	-0.206304 	-0.209465 	-0.212231 	-0.214557 	-0.216414 	-0.217758 	-0.218542 	-0.218722 	-0.218251 	-0.217083 	-0.215167 	-0.212464 	-0.208938 	-0.204540 	-0.199254 	-0.193072 	-0.185961 	-0.177945 	-0.169063 	-0.159313 	-0.148752 	-0.137726 	-0.125088 	
-0.165158 	-0.169627 	-0.175125 	-0.180220 	-0.185196 	-0.189982 	-0.194552 	-0.198882 	-0.202941 	-0.206694 	-0.210113 	-0.213158 	-0.215787 	-0.217962 	-0.219638 	-0.220768 	-0.221304 	-0.221194 	-0.220390 	-0.218837 	-0.216489 	-0.213301 	-0.209228 	-0.204239 	-0.198313 	-0.191426 	-0.183581 	-0.174801 	-0.165102 	-0.154521 	-0.143424 	-0.130572 	
-0.163813 	-0.168406 	-0.173918 	-0.179056 	-0.184093 	-0.188967 	-0.193656 	-0.198133 	-0.202365 	-0.206321 	-0.209967 	-0.213265 	-0.216172 	-0.218646 	-0.220640 	-0.222107 	-0.222996 	-0.223254 	-0.222826 	-0.221657 	-0.219692 	-0.216883 	-0.213178 	-0.208538 	-0.202930 	-0.196328 	-0.188722 	-0.180121 	-0.170545 	-0.160019 	-0.148921 	-0.135940 	
-0.162038 	-0.166637 	-0.172127 	-0.177274 	-0.182340 	-0.187269 	-0.192042 	-0.196629 	-0.201002 	-0.205128 	-0.208972 	-0.212495 	-0.215658 	-0.218412 	-0.220712 	-0.222510 	-0.223752 	-0.224383 	-0.224346 	-0.223582 	-0.222031 	-0.219638 	-0.216347 	-0.212108 	-0.206879 	-0.200626 	-0.193330 	-0.184987 	-0.175612 	-0.165224 	-0.154199 	-0.141200 	
-0.159607 	-0.164261 	-0.169693 	-0.174825 	-0.179890 	-0.184842 	-0.189663 	-0.194327 	-0.198805 	-0.203067 	-0.207078 	-0.210801 	-0.214194 	-0.217212 	-0.219804 	-0.221925 	-0.223519 	-0.224529 	-0.224896 	-0.224557 	-0.223450 	-0.221510 	-0.218676 	-0.214890 	-0.210100 	-0.204262 	-0.197347 	-0.189338 	-0.180244 	-0.170071 	-0.159187 	-0.146254 	
-0.156500 	-0.161251 	-0.166590 	-0.171678 	-0.176710 	-0.181650 	-0.186483 	-0.191187 	-0.195736 	-0.200100 	-0.204246 	-0.208139 	-0.211738 	-0.214998 	-0.217868 	-0.220302 	-0.222245 	-0.223638 	-0.224420 	-0.224525 	-0.223886 	-0.222433 	-0.220098 	-0.216815 	-0.212523 	-0.207166 	-0.200703 	-0.193106 	-0.184369 	-0.174488 	-0.163818 	-0.151000 	
-0.152941 	-0.157632 	-0.162830 	-0.167825 	-0.172782 	-0.177670 	-0.182476 	-0.187181 	-0.191762 	-0.196192 	-0.200441 	-0.204473 	-0.208250 	-0.211731 	-0.214860 	-0.217595 	-0.219880 	-0.221656 	-0.222859 	-0.223423 	-0.223274 	-0.222339 	-0.220543 	-0.217811 	-0.214072 	-0.209260 	-0.203320 	-0.196212 	-0.187918 	-0.178419 	-0.168049 	-0.155501 	
-0.148699 	-0.153360 	-0.158376 	-0.163244 	-0.168087 	-0.172883 	-0.177622 	-0.182288 	-0.186862 	-0.191320 	-0.195634 	-0.199772 	-0.203698 	-0.207373 	-0.210741 	-0.213759 	-0.216376 	-0.218530 	-0.220157 	-0.221189 	-0.221549 	-0.221158 	-0.219936 	-0.217799 	-0.214666 	-0.210460 	-0.205114 	-0.198572 	-0.190800 	-0.181764 	-0.171778 	-0.159580 	
-0.143778 	-0.148431 	-0.153226 	-0.157929 	-0.162617 	-0.167280 	-0.171909 	-0.176495 	-0.181020 	-0.185465 	-0.189806 	-0.194013 	-0.198053 	-0.201890 	-0.205474 	-0.208756 	-0.211688 	-0.214211 	-0.216260 	-0.217763 	-0.218644 	-0.218819 	-0.218200 	-0.216698 	-0.214221 	-0.210681 	-0.205996 	-0.200096 	-0.192928 	-0.184439 	-0.174919 	-0.163112 	
-0.138407 	-0.142888 	-0.147409 	-0.151891 	-0.156377 	-0.160859 	-0.165335 	-0.169795 	-0.174229 	-0.178618 	-0.182944 	-0.187181 	-0.191298 	-0.195261 	-0.199031 	-0.202551 	-0.205779 	-0.208655 	-0.211116 	-0.213090 	-0.214498 	-0.215253 	-0.215262 	-0.214429 	-0.212653 	-0.209835 	-0.205878 	-0.200696 	-0.194221 	-0.186382 	-0.177433 	-0.166233 	
-0.132369 	-0.136699 	-0.140904 	-0.145127 	-0.149366 	-0.153625 	-0.157901 	-0.162191 	-0.166487 	-0.170776 	-0.175043 	-0.179267 	-0.183421 	-0.187474 	-0.191394 	-0.195120 	-0.198615 	-0.201823 	-0.204681 	-0.207117 	-0.209051 	-0.210394 	-0.211050 	-0.210915 	-0.209880 	-0.207833 	-0.204666 	-0.200276 	-0.194574 	-0.187471 	-0.179188 	-0.168671 	
-0.125687 	-0.129874 	-0.133726 	-0.137649 	-0.141598 	-0.145586 	-0.149617 	-0.153690 	-0.157801 	-0.161943 	-0.166105 	-0.170270 	-0.174417 	-0.178518 	-0.182546 	-0.186442 	-0.190173 	-0.193685 	-0.196917 	-0.199799 	-0.202251 	-0.204184 	-0.205497 	-0.206081 	-0.205819 	-0.204591 	-0.202273 	-0.198744 	-0.193897 	-0.187617 	-0.180090 	-0.170282 	
-0.118584 	-0.122470 	-0.125914 	-0.129481 	-0.133090 	-0.136761 	-0.140498 	-0.144306 	-0.148184 	-0.152131 	-0.156138 	-0.160196 	-0.164287 	-0.168388 	-0.172479 	-0.176506 	-0.180434 	-0.184216 	-0.187793 	-0.191098 	-0.194053 	-0.196568 	-0.198540 	-0.199857 	-0.200396 	-0.200025 	-0.198609 	-0.196012 	-0.192106 	-0.186759 	-0.180103 	-0.171290 	
-0.110866 	-0.114465 	-0.117459 	-0.120632 	-0.123858 	-0.127165 	-0.130562 	-0.134057 	-0.137654 	-0.141356 	-0.145159 	-0.149058 	-0.153042 	-0.157093 	-0.161191 	-0.165309 	-0.169389 	-0.173401 	-0.177288 	-0.180986 	-0.184419 	-0.187499 	-0.190125 	-0.192180 	-0.193536 	-0.194054 	-0.193586 	-0.191980 	-0.189088 	-0.184755 	-0.179072 	-0.171315 	
-0.102563 	-0.105874 	-0.108385 	-0.111124 	-0.113923 	-0.116822 	-0.119833 	-0.122967 	-0.126234 	-0.129640 	-0.133187 	-0.136876 	-0.140701 	-0.144652 	-0.148709 	-0.152859 	-0.157042 	-0.161236 	-0.165388 	-0.169440 	-0.173319 	-0.176941 	-0.180203 	-0.182991 	-0.185173 	-0.186603 	-0.187121 	-0.186561 	-0.184754 	-0.181517 	-0.176896 	-0.170194 	
-0.093882 	-0.096757 	-0.098735 	-0.100985 	-0.103310 	-0.105756 	-0.108334 	-0.111060 	-0.113948 	-0.117009 	-0.120249 	-0.123675 	-0.127287 	-0.131081 	-0.135043 	-0.139168 	-0.143400 	-0.147723 	-0.152090 	-0.156449 	-0.160734 	-0.164862 	-0.168736 	-0.172242 	-0.175248 	-0.177601 	-0.179136 	-0.179672 	-0.179022 	-0.176988 	-0.173544 	-0.168251 	
-0.084646 	-0.087091 	-0.088497 	-0.090225 	-0.092037 	-0.093986 	-0.096088 	-0.098361 	-0.100822 	-0.103488 	-0.106370 	-0.109480 	-0.112823 	-0.116403 	-0.120211 	-0.124252 	-0.128475 	-0.132869 	-0.137396 	-0.142010 	-0.146649 	-0.151241 	-0.155691 	-0.159890 	-0.163705 	-0.166983 	-0.169552 	-0.171218 	-0.171778 	-0.171010 	-0.168839 	-0.164989 	
-0.074874 	-0.076885 	-0.077691 	-0.078861 	-0.080121 	-0.081533 	-0.083116 	-0.084891 	-0.086881 	-0.089103 	-0.091577 	-0.094318 	-0.097337 	-0.100643 	-0.104237 	-0.108121 	-0.112285 	-0.116688 	-0.121316 	-0.126124 	-0.131063 	-0.136065 	-0.141045 	-0.145899 	-0.150498 	-0.154690 	-0.158298 	-0.161120 	-0.162935 	-0.163496 	-0.162675 	-0.160223 	
-0.064745 	-0.066185 	-0.066345 	-0.066909 	-0.067575 	-0.068410 	-0.069432 	-0.070668 	-0.072141 	-0.073875 	-0.075892 	-0.078213 	-0.080854 	-0.083832 	-0.087155 	-0.090826 	-0.094858 	-0.099205 	-0.103865 	-0.108803 	-0.113976 	-0.119328 	-0.124782 	-0.130243 	-0.135588 	-0.140669 	-0.145310 	-0.149304 	-0.152419 	-0.154397 	-0.155027 	-0.154388 	
-0.054079 	-0.054945 	-0.054427 	-0.054356 	-0.054395 	-0.054617 	-0.055042 	-0.055699 	-0.056614 	-0.057816 	-0.059331 	-0.061183 	-0.063396 	-0.065991 	-0.068985 	-0.072386 	-0.076219 	-0.080441 	-0.085064 	-0.090059 	-0.095397 	-0.101029 	-0.106893 	-0.112901 	-0.118941 	-0.124873 	-0.130523 	-0.135684 	-0.140113 	-0.143538 	-0.145697 	-0.146853 	
-0.042838 	-0.043136 	-0.041923 	-0.041188 	-0.040569 	-0.040143 	-0.039936 	-0.039977 	-0.040297 	-0.040928 	-0.041897 	-0.043237 	-0.044973 	-0.047134 	-0.049743 	-0.052814 	-0.056382 	-0.060413 	-0.064928 	-0.069909 	-0.075335 	-0.081173 	-0.087372 	-0.093858 	-0.100530 	-0.107260 	-0.113882 	-0.120190 	-0.125938 	-0.130834 	-0.134570 	-0.137406 	
-0.031184 	-0.030767 	-0.028819 	-0.027377 	-0.026064 	-0.024959 	-0.024086 	-0.023479 	-0.023169 	-0.023192 	-0.023579 	-0.024365 	-0.025581 	-0.027260 	-0.029430 	-0.032116 	-0.035353 	-0.039132 	-0.043469 	-0.048363 	-0.053801 	-0.059766 	-0.066220 	-0.073104 	-0.080333 	-0.087795 	-0.095336 	-0.102761 	-0.109826 	-0.116244 	-0.121625 	-0.126608 	
-0.018863 	-0.017723 	-0.015018 	-0.012849 	-0.010817 	-0.009006 	-0.007440 	-0.006154 	-0.005185 	-0.004569 	-0.004341 	-0.004539 	-0.005198 	-0.006353 	-0.008038 	-0.010287 	-0.013127 	-0.016602 	-0.020695 	-0.025430 	-0.030803 	-0.036811 	-0.043435 	-0.050631 	-0.058332 	-0.066445 	-0.074834 	-0.083318 	-0.091660 	-0.099574 	-0.106639 	-0.113668 	
-0.005700 	-0.003891 	-0.000422 	0.002493 	0.005265 	0.007806 	0.010090 	0.012076 	0.013729 	0.015008 	0.015876 	0.016293 	0.016221 	0.015621 	0.014455 	0.012684 	0.010278 	0.007180 	0.003400 	-0.001103 	-0.006336 	-0.012307 	-0.019014 	-0.026432 	-0.034511 	-0.043181 	-0.052334 	-0.061802 	-0.071364 	-0.080738 	-0.089486 	-0.098335 	
0.008110 	0.010798 	0.015060 	0.018762 	0.022303 	0.025600 	0.028623 	0.031333 	0.033689 	0.035650 	0.037178 	0.038230 	0.038765 	0.038743 	0.038120 	0.036855 	0.034913 	0.032234 	0.028817 	0.024612 	0.019594 	0.013745 	0.007056 	-0.000481 	-0.008843 	-0.017975 	-0.027795 	-0.038161 	-0.048881 	-0.059705 	-0.070144 	-0.081313 	
0.023018 	0.026585 	0.031646 	0.036152 	0.040483 	0.044556 	0.048337 	0.051786 	0.054860 	0.057516 	0.059717 	0.061417 	0.062572 	0.063143 	0.063082 	0.062342 	0.060888 	0.058653 	0.055626 	0.051753 	0.046999 	0.041331 	0.034736 	0.027184 	0.018661 	0.009205 	-0.001154 	-0.012311 	-0.024085 	-0.036257 	-0.048360 	-0.061618 	
0.039408 	0.043740 	0.049591 	0.054913 	0.060052 	0.064916 	0.069466 	0.073661 	0.077459 	0.080814 	0.083691 	0.086043 	0.087822 	0.088993 	0.089502 	0.089296 	0.088344 	0.086572 	0.083954 	0.080442 	0.075985 	0.070535 	0.064075 	0.056559 	0.047952 	0.038281 	0.027541 	0.015767 	0.003106 	-0.010282 	-0.023983 	-0.038915 	
0.056976 	0.062455 	0.069144 	0.075346 	0.081319 	0.086987 	0.092306 	0.097244 	0.101760 	0.105804 	0.109348 	0.112346 	0.114741 	0.116505 	0.117584 	0.117911 	0.117462 	0.116164 	0.113961 	0.110824 	0.106690 	0.101483 	0.095195 	0.087767 	0.079123 	0.069294 	0.058255 	0.045976 	0.032594 	0.018179 	0.002996 	-0.014114 	
0.076599 	0.083275 	0.090815 	0.097910 	0.104707 	0.111168 	0.117234 	0.122885 	0.128102 	0.132809 	0.136990 	0.140621 	0.143607 	0.145938 	0.147582 	0.148425 	0.148462 	0.147654 	0.145855 	0.143085 	0.139303 	0.134348 	0.128243 	0.120960 	0.112315 	0.102373 	0.091135 	0.078424 	0.064408 	0.049163 	0.032646 	0.013971 	
0.099069 	0.107478 	0.115678 	0.123539 	0.131007 	0.138197 	0.144940 	0.151179 	0.157061 	0.162376 	0.167058 	0.171293 	0.174821 	0.177563 	0.179751 	0.181066 	0.181415 	0.181078 	0.179650 	0.177049 	0.173623 	0.168900 	0.162764 	0.155650 	0.147011 	0.136752 	0.125386 	0.112320 	0.097552 	0.081675 	0.064174 	0.045345 	

 ########## Data for k = 1 ############ 
0.094034 	0.087549 	0.080691 	0.073272 	0.065297 	0.056955 	0.048068 	0.038657 	0.028905 	0.018659 	0.007963 	-0.003014 	-0.014383 	-0.026073 	-0.037947 	-0.050051 	-0.062271 	-0.074518 	-0.086736 	-0.098753 	-0.110568 	-0.121981 	-0.132762 	-0.143037 	-0.152426 	-0.160655 	-0.168015 	-0.173930 	-0.178115 	-0.181061 	-0.182016 	-0.180762 	
0.099403 	0.094000 	0.087150 	0.079677 	0.071631 	0.063071 	0.053983 	0.044380 	0.034303 	0.023743 	0.012726 	0.001297 	-0.010536 	-0.022720 	-0.035197 	-0.047918 	-0.060811 	-0.073797 	-0.086780 	-0.099649 	-0.112304 	-0.124593 	-0.136363 	-0.147502 	-0.157796 	-0.167063 	-0.175194 	-0.181935 	-0.187105 	-0.190658 	-0.192391 	-0.192483 	
0.104819 	0.098882 	0.091782 	0.084047 	0.075732 	0.066881 	0.057484 	0.047557 	0.037127 	0.026187 	0.014765 	0.002897 	-0.009402 	-0.022080 	-0.035088 	-0.048383 	-0.061886 	-0.075522 	-0.089201 	-0.102802 	-0.116223 	-0.129317 	-0.141919 	-0.153899 	-0.165053 	-0.175180 	-0.184136 	-0.191679 	-0.197602 	-0.201806 	-0.204080 	-0.204388 	
0.110289 	0.104230 	0.097035 	0.089163 	0.080676 	0.071613 	0.061981 	0.051793 	0.041064 	0.029798 	0.018016 	0.005742 	-0.007000 	-0.020164 	-0.033708 	-0.047582 	-0.061715 	-0.076031 	-0.090437 	-0.104819 	-0.119059 	-0.133013 	-0.146519 	-0.159415 	-0.171505 	-0.182583 	-0.192460 	-0.200905 	-0.207706 	-0.212693 	-0.215675 	-0.216538 	
0.115770 	0.109554 	0.102237 	0.094231 	0.085587 	0.076336 	0.066489 	0.056058 	0.045052 	0.033478 	0.021353 	0.008695 	-0.004471 	-0.018103 	-0.032161 	-0.046596 	-0.061343 	-0.076325 	-0.091448 	-0.106602 	-0.121662 	-0.136482 	-0.150897 	-0.164733 	-0.177787 	-0.189847 	-0.200696 	-0.210097 	-0.217820 	-0.223654 	-0.227386 	-0.228847 	
0.121240 	0.114896 	0.107470 	0.099349 	0.090572 	0.081163 	0.071131 	0.060486 	0.049235 	0.037382 	0.024941 	0.011927 	-0.001638 	-0.015715 	-0.030265 	-0.045243 	-0.060586 	-0.076219 	-0.092049 	-0.107968 	-0.123847 	-0.139539 	-0.154877 	-0.169674 	-0.183724 	-0.196803 	-0.208675 	-0.219090 	-0.227796 	-0.234547 	-0.239101 	-0.241229 	
0.126671 	0.120198 	0.112684 	0.104469 	0.095582 	0.086040 	0.075851 	0.065021 	0.053552 	0.041451 	0.028723 	0.015383 	0.001450 	-0.013045 	-0.028060 	-0.043553 	-0.059467 	-0.075728 	-0.092247 	-0.108914 	-0.125603 	-0.142164 	-0.158426 	-0.174199 	-0.189267 	-0.203396 	-0.216334 	-0.227815 	-0.237563 	-0.245300 	-0.250754 	-0.253670 	
0.132005 	0.125461 	0.117865 	0.109567 	0.100588 	0.090936 	0.080616 	0.069629 	0.057975 	0.045655 	0.032674 	0.019041 	0.004773 	-0.010106 	-0.025552 	-0.041529 	-0.057982 	-0.074841 	-0.092021 	-0.109414 	-0.126895 	-0.144313 	-0.161497 	-0.178250 	-0.194351 	-0.209556 	-0.223599 	-0.236195 	-0.247045 	-0.255843 	-0.262281 	-0.266050 	
0.137254 	0.130633 	0.122968 	0.114603 	0.105551 	0.095813 	0.085388 	0.074273 	0.062465 	0.049961 	0.036763 	0.022874 	0.008308 	-0.006915 	-0.022755 	-0.039177 	-0.056131 	-0.073553 	-0.091360 	-0.109448 	-0.127695 	-0.145951 	-0.164044 	-0.181774 	-0.198916 	-0.215216 	-0.230394 	-0.244149 	-0.256159 	-0.266089 	-0.273600 	-0.278346 	
0.142344 	0.135650 	0.127944 	0.119534 	0.110431 	0.100630 	0.090127 	0.078914 	0.066985 	0.054333 	0.040955 	0.026851 	0.012029 	-0.003496 	-0.019687 	-0.036509 	-0.053921 	-0.071862 	-0.090254 	-0.109000 	-0.127978 	-0.147044 	-0.166025 	-0.184721 	-0.202902 	-0.220308 	-0.236646 	-0.251598 	-0.264820 	-0.275948 	-0.284611 	-0.290445 	
0.147208 	0.140506 	0.132767 	0.124326 	0.115189 	0.105348 	0.094793 	0.083513 	0.071496 	0.058733 	0.045215 	0.030938 	0.015906 	0.000128 	-0.016367 	-0.033542 	-0.051361 	-0.069771 	-0.088700 	-0.108057 	-0.127725 	-0.147563 	-0.167403 	-0.187044 	-0.206254 	-0.224768 	-0.242283 	-0.258465 	-0.272950 	-0.285345 	-0.295241 	-0.302195 	
0.151899 	0.145149 	0.137386 	0.128930 	0.119780 	0.109922 	0.099342 	0.088025 	0.075956 	0.063119 	0.049503 	0.035099 	0.019905 	0.003925 	-0.012821 	-0.030294 	-0.048466 	-0.067290 	-0.086701 	-0.106615 	-0.126922 	-0.147487 	-0.168145 	-0.188700 	-0.208919 	-0.228532 	-0.247231 	-0.264667 	-0.280456 	-0.294181 	-0.305404 	-0.313656 	
0.156293 	0.149507 	0.141747 	0.133298 	0.124157 	0.114306 	0.103729 	0.092407 	0.080319 	0.067448 	0.053777 	0.039293 	0.023987 	0.007860 	-0.009079 	-0.026793 	-0.045257 	-0.064433 	-0.084265 	-0.104675 	-0.125562 	-0.146798 	-0.168226 	-0.189653 	-0.210849 	-0.231543 	-0.251421 	-0.270124 	-0.287248 	-0.302351 	-0.314961 	-0.324600 	
0.160320 	0.153569 	0.145822 	0.137392 	0.128277 	0.118457 	0.107909 	0.096611 	0.084541 	0.071675 	0.057993 	0.043477 	0.028113 	0.011895 	-0.005177 	-0.023070 	-0.041762 	-0.061224 	-0.081407 	-0.102245 	-0.123644 	-0.145487 	-0.167624 	-0.189870 	-0.212000 	-0.233745 	-0.254788 	-0.274760 	-0.293246 	-0.309776 	-0.323838 	-0.334843 	
0.164076 	0.157290 	0.149558 	0.141163 	0.132094 	0.122325 	0.111833 	0.100591 	0.088572 	0.075752 	0.062104 	0.047605 	0.032237 	0.015986 	-0.001155 	-0.019164 	-0.038014 	-0.057689 	-0.078151 	-0.099340 	-0.121176 	-0.143552 	-0.166328 	-0.189329 	-0.212338 	-0.235089 	-0.257267 	-0.278499 	-0.298356 	-0.316351 	-0.331950 	-0.344554 	
0.167390 	0.160591 	0.152902 	0.144562 	0.135558 	0.125864 	0.115454 	0.104297 	0.092366 	0.079629 	0.066058 	0.051626 	0.036307 	0.020084 	0.002941 	-0.015113 	-0.034051 	-0.053865 	-0.074524 	-0.095984 	-0.118174 	-0.141000 	-0.164334 	-0.188014 	-0.211831 	-0.235531 	-0.258800 	-0.281265 	-0.302487 	-0.321959 	-0.339120 	-0.353370 	
0.170190 	0.163462 	0.155824 	0.147550 	0.138628 	0.129029 	0.118725 	0.107683 	0.095871 	0.083256 	0.069806 	0.055488 	0.040273 	0.024137 	0.007058 	-0.010967 	-0.029919 	-0.049791 	-0.070566 	-0.092208 	-0.114662 	-0.137846 	-0.161647 	-0.185917 	-0.210462 	-0.235038 	-0.259340 	-0.282998 	-0.305569 	-0.326532 	-0.345283 	-0.361087 	
0.172623 	0.165865 	0.158277 	0.150081 	0.141257 	0.131774 	0.121599 	0.110698 	0.099038 	0.086582 	0.073295 	0.059140 	0.044083 	0.028093 	0.011144 	-0.006781 	-0.025670 	-0.045518 	-0.066320 	-0.088052 	-0.110673 	-0.134115 	-0.158282 	-0.183043 	-0.208219 	-0.233582 	-0.258840 	-0.283631 	-0.307514 	-0.329961 	-0.350363 	-0.368001 	
0.174471 	0.167720 	0.160208 	0.152109 	0.143401 	0.134053 	0.124030 	0.113297 	0.101819 	0.089557 	0.076472 	0.062526 	0.047679 	0.031896 	0.015142 	-0.002613 	-0.021361 	-0.041101 	-0.061839 	-0.083564 	-0.106249 	-0.129842 	-0.154265 	-0.179404 	-0.205102 	-0.231148 	-0.257268 	-0.283112 	-0.308245 	-0.332134 	-0.354154 	-0.373605 	
0.175664 	0.169018 	0.161593 	0.153600 	0.145021 	0.135824 	0.125973 	0.115433 	0.104166 	0.092130 	0.079287 	0.065592 	0.051005 	0.035484 	0.018989 	0.001481 	-0.017049 	-0.036596 	-0.057178 	-0.078798 	-0.101441 	-0.125072 	-0.149632 	-0.175028 	-0.201124 	-0.227733 	-0.254604 	-0.281405 	-0.307714 	-0.333001 	-0.356613 	-0.377689 	
0.176400 	0.169733 	0.162388 	0.154511 	0.146076 	0.137046 	0.127388 	0.117062 	0.106031 	0.094254 	0.081687 	0.068285 	0.054004 	0.038798 	0.022622 	0.005433 	-0.012796 	-0.032067 	-0.052403 	-0.073817 	-0.096308 	-0.119859 	-0.144430 	-0.169950 	-0.196310 	-0.223346 	-0.250836 	-0.278472 	-0.305855 	-0.332470 	-0.357682 	-0.380690 	
0.176417 	0.169782 	0.162546 	0.154803 	0.146526 	0.137681 	0.128232 	0.118142 	0.107373 	0.095882 	0.083624 	0.070554 	0.056624 	0.041785 	0.025986 	0.009181 	-0.008672 	-0.027584 	-0.047581 	-0.068687 	-0.090915 	-0.114265 	-0.138716 	-0.164221 	-0.190696 	-0.218010 	-0.245968 	-0.274296 	-0.302619 	-0.330443 	-0.357140 	-0.381963 	
0.175652 	0.169164 	0.162050 	0.154449 	0.146341 	0.137692 	0.128469 	0.118635 	0.108149 	0.096971 	0.085054 	0.072351 	0.058813 	0.044387 	0.029021 	0.012662 	-0.004744 	-0.023217 	-0.042784 	-0.063483 	-0.085337 	-0.108362 	-0.132557 	-0.157901 	-0.184336 	-0.211763 	-0.240023 	-0.268881 	-0.297998 	-0.326909 	-0.354986 	-0.381313 	
0.174348 	0.167864 	0.160863 	0.153413 	0.145485 	0.137047 	0.128065 	0.118504 	0.108323 	0.097481 	0.085933 	0.073630 	0.060521 	0.046554 	0.031671 	0.015816 	-0.001076 	-0.019033 	-0.038084 	-0.058279 	-0.079650 	-0.102226 	-0.126030 	-0.151062 	-0.177293 	-0.204656 	-0.233035 	-0.262235 	-0.291965 	-0.321808 	-0.351192 	-0.379322 	
0.172209 	0.165795 	0.158942 	0.151662 	0.143929 	0.135716 	0.126991 	0.117719 	0.107864 	0.097382 	0.086228 	0.074354 	0.061708 	0.048236 	0.033880 	0.018579 	0.002268 	-0.015100 	-0.033555 	-0.053152 	-0.073933 	-0.095941 	-0.119217 	-0.143785 	-0.169643 	-0.196758 	-0.225055 	-0.254390 	-0.284520 	-0.315079 	-0.345544 	-0.375230 	
0.169172 	0.162977 	0.156283 	0.149177 	0.141647 	0.133669 	0.125214 	0.116249 	0.106738 	0.096638 	0.085903 	0.074487 	0.062336 	0.049396 	0.035608 	0.020911 	0.005239 	-0.011466 	-0.029246 	-0.048173 	-0.068273 	-0.089600 	-0.112215 	-0.136167 	-0.161478 	-0.188151 	-0.216159 	-0.245406 	-0.275713 	-0.306774 	-0.338108 	-0.368891 	
0.165526 	0.159399 	0.152854 	0.145933 	0.138617 	0.130888 	0.122719 	0.114078 	0.104930 	0.095232 	0.084941 	0.074008 	0.062379 	0.050002 	0.036817 	0.022762 	0.007770 	-0.008221 	-0.025263 	-0.043414 	-0.062724 	-0.083257 	-0.105082 	-0.128286 	-0.152900 	-0.178941 	-0.206438 	-0.235353 	-0.265577 	-0.296886 	-0.328906 	-0.361022 	
0.160949 	0.154971 	0.148618 	0.141902 	0.134816 	0.127351 	0.119485 	0.111187 	0.102424 	0.093152 	0.083326 	0.072903 	0.061826 	0.050042 	0.037497 	0.024122 	0.009854 	-0.005373 	-0.021622 	-0.038946 	-0.057397 	-0.077052 	-0.097983 	-0.120262 	-0.143975 	-0.169184 	-0.195973 	-0.224331 	-0.254192 	-0.285424 	-0.317762 	-0.350810 	
0.155401 	0.149743 	0.143575 	0.137060 	0.130210 	0.123026 	0.115481 	0.107547 	0.099192 	0.090367 	0.081031 	0.071145 	0.060646 	0.049484 	0.037612 	0.024954 	0.011447 	-0.002967 	-0.018366 	-0.034800 	-0.052314 	-0.071006 	-0.090951 	-0.112213 	-0.134911 	-0.159126 	-0.184920 	-0.212408 	-0.241634 	-0.272529 	-0.304862 	-0.338218 	
0.149194 	0.143706 	0.137688 	0.131380 	0.124785 	0.117906 	0.110709 	0.103161 	0.095241 	0.086888 	0.078063 	0.068741 	0.058846 	0.048330 	0.037167 	0.025259 	0.012546 	-0.001005 	-0.015503 	-0.030993 	-0.047492 	-0.065140 	-0.084010 	-0.104131 	-0.125685 	-0.148771 	-0.173418 	-0.199838 	-0.228114 	-0.258195 	-0.290218 	-0.324030 	
0.141983 	0.136860 	0.131137 	0.125146 	0.118887 	0.112375 	0.105575 	0.098450 	0.090994 	0.083142 	0.074846 	0.066106 	0.056835 	0.046972 	0.036530 	0.025390 	0.013475 	0.000806 	-0.012769 	-0.027312 	-0.042773 	-0.059338 	-0.077109 	-0.096036 	-0.116368 	-0.138252 	-0.161626 	-0.186811 	-0.213972 	-0.242965 	-0.274093 	-0.307433 	
0.133753 	0.128105 	0.122386 	0.116533 	0.110492 	0.104307 	0.097878 	0.091143 	0.084185 	0.076859 	0.069097 	0.061020 	0.052434 	0.043259 	0.033660 	0.023382 	0.012322 	0.000702 	-0.011811 	-0.025311 	-0.039507 	-0.054802 	-0.071342 	-0.088771 	-0.107623 	-0.128125 	-0.149817 	-0.173431 	-0.199240 	-0.226611 	-0.256477 	-0.288940 	

 ########## Data for k = 2 ############ 
-0.005420 	-0.005677 	-0.005901 	-0.006072 	-0.006178 	-0.006238 	-0.006224 	-0.006126 	-0.005969 	-0.005720 	-0.005371 	-0.004952 	-0.004420 	-0.003775 	-0.003055 	-0.002223 	-0.001286 	-0.000283 	0.000814 	0.001987 	0.003202 	0.004471 	0.005762 	0.007057 	0.008341 	0.009576 	0.010763 	0.011860 	0.012827 	0.013694 	0.014393 	0.014895 	
-0.007057 	-0.009277 	-0.009788 	-0.010311 	-0.010710 	-0.010956 	-0.011135 	-0.011226 	-0.011171 	-0.011044 	-0.010809 	-0.010420 	-0.009938 	-0.009317 	-0.008545 	-0.007675 	-0.006658 	-0.005522 	-0.004304 	-0.002947 	-0.001539 	-0.000087 	0.001473 	0.002979 	0.004476 	0.006033 	0.007416 	0.008745 	0.010100 	0.011203 	0.012178 	0.014385 	
-0.008758 	-0.010722 	-0.011015 	-0.011457 	-0.011812 	-0.012071 	-0.012253 	-0.012343 	-0.012320 	-0.012202 	-0.011973 	-0.011619 	-0.011152 	-0.010553 	-0.009814 	-0.008953 	-0.007953 	-0.006828 	-0.005594 	-0.004240 	-0.002805 	-0.001300 	0.000279 	0.001865 	0.003457 	0.005055 	0.006567 	0.008011 	0.009387 	0.010589 	0.011499 	0.013830 	
-0.010549 	-0.012590 	-0.012890 	-0.013357 	-0.013743 	-0.014052 	-0.014281 	-0.014419 	-0.014452 	-0.014381 	-0.014196 	-0.013886 	-0.013450 	-0.012875 	-0.012155 	-0.011295 	-0.010290 	-0.009147 	-0.007875 	-0.006478 	-0.004978 	-0.003389 	-0.001724 	-0.000022 	0.001699 	0.003421 	0.005089 	0.006690 	0.008197 	0.009559 	0.010590 	0.013205 	
-0.012420 	-0.014390 	-0.014737 	-0.015238 	-0.015662 	-0.016017 	-0.016293 	-0.016479 	-0.016563 	-0.016539 	-0.016398 	-0.016131 	-0.015733 	-0.015190 	-0.014496 	-0.013649 	-0.012647 	-0.011494 	-0.010196 	-0.008760 	-0.007203 	-0.005539 	-0.003786 	-0.001975 	-0.000128 	0.001727 	0.003546 	0.005303 	0.006958 	0.008476 	0.009640 	0.012506 	
-0.014339 	-0.016277 	-0.016662 	-0.017201 	-0.017671 	-0.018078 	-0.018408 	-0.018649 	-0.018790 	-0.018820 	-0.018731 	-0.018512 	-0.018159 	-0.017654 	-0.016989 	-0.016161 	-0.015166 	-0.014006 	-0.012685 	-0.011211 	-0.009597 	-0.007858 	-0.006013 	-0.004089 	-0.002112 	-0.000115 	0.001864 	0.003788 	0.005615 	0.007312 	0.008653 	0.011756 	
-0.016325 	-0.018162 	-0.018621 	-0.019214 	-0.019740 	-0.020206 	-0.020596 	-0.020899 	-0.021101 	-0.021191 	-0.021159 	-0.020994 	-0.020689 	-0.020228 	-0.019600 	-0.018796 	-0.017814 	-0.016652 	-0.015313 	-0.013805 	-0.012136 	-0.010324 	-0.008386 	-0.006348 	-0.004238 	-0.002091 	0.000054 	0.002157 	0.004171 	0.006062 	0.007602 	0.010929 	
-0.018361 	-0.020045 	-0.020608 	-0.021266 	-0.021858 	-0.022390 	-0.022847 	-0.023217 	-0.023486 	-0.023641 	-0.023672 	-0.023566 	-0.023313 	-0.022902 	-0.022317 	-0.021545 	-0.020581 	-0.019423 	-0.018072 	-0.016532 	-0.014813 	-0.012929 	-0.010899 	-0.008747 	-0.006502 	-0.004200 	-0.001881 	0.000409 	0.002622 	0.004720 	0.006464 	0.010027 	
-0.020422 	-0.022010 	-0.022643 	-0.023359 	-0.024018 	-0.024620 	-0.025148 	-0.025589 	-0.025930 	-0.026156 	-0.026254 	-0.026212 	-0.026017 	-0.025661 	-0.025126 	-0.024391 	-0.023452 	-0.022303 	-0.020945 	-0.019379 	-0.017614 	-0.015663 	-0.013542 	-0.011276 	-0.008895 	-0.006434 	-0.003936 	-0.001446 	0.000981 	0.003307 	0.005300 	0.009077 	
-0.022514 	-0.023955 	-0.024685 	-0.025470 	-0.026202 	-0.026878 	-0.027482 	-0.028000 	-0.028416 	-0.028718 	-0.028889 	-0.028916 	-0.028785 	-0.028489 	-0.028007 	-0.027316 	-0.026408 	-0.025275 	-0.023916 	-0.022331 	-0.020525 	-0.018510 	-0.016302 	-0.013924 	-0.011406 	-0.008784 	-0.006101 	-0.003405 	-0.000754 	0.001811 	0.004056 	0.008057 	
-0.024612 	-0.025877 	-0.026724 	-0.027586 	-0.028396 	-0.029150 	-0.029834 	-0.030431 	-0.030928 	-0.031309 	-0.031558 	-0.031659 	-0.031597 	-0.031364 	-0.030938 	-0.030299 	-0.029429 	-0.028319 	-0.026965 	-0.025366 	-0.023525 	-0.021452 	-0.019161 	-0.016674 	-0.014021 	-0.011236 	-0.008364 	-0.005457 	-0.002574 	0.000236 	0.002733 	0.006981 	
-0.026706 	-0.027854 	-0.028776 	-0.029703 	-0.030589 	-0.031422 	-0.032186 	-0.032867 	-0.033447 	-0.033911 	-0.034240 	-0.034419 	-0.034431 	-0.034262 	-0.033898 	-0.033317 	-0.032491 	-0.031411 	-0.030070 	-0.028464 	-0.026594 	-0.024469 	-0.022100 	-0.019508 	-0.016720 	-0.013773 	-0.010710 	-0.007584 	-0.004456 	-0.001377 	0.001427 	0.005874 	
-0.028782 	-0.029769 	-0.030794 	-0.031794 	-0.032759 	-0.033673 	-0.034521 	-0.035287 	-0.035953 	-0.036501 	-0.036915 	-0.037175 	-0.037264 	-0.037163 	-0.036866 	-0.036347 	-0.035571 	-0.034527 	-0.033204 	-0.031598 	-0.029707 	-0.027536 	-0.025094 	-0.022402 	-0.019483 	-0.016375 	-0.013121 	-0.009773 	-0.006396 	-0.003046 	0.000054 	0.004730 	
-0.030812 	-0.031627 	-0.032768 	-0.033845 	-0.034891 	-0.035887 	-0.036820 	-0.037671 	-0.038424 	-0.039060 	-0.039560 	-0.039904 	-0.040073 	-0.040045 	-0.039818 	-0.039363 	-0.038642 	-0.037639 	-0.036342 	-0.034742 	-0.032836 	-0.030625 	-0.028118 	-0.025330 	-0.022285 	-0.019018 	-0.015572 	-0.012002 	-0.008372 	-0.004747 	-0.001359 	0.003579 	
-0.032803 	-0.033495 	-0.034708 	-0.035849 	-0.036970 	-0.038047 	-0.039063 	-0.040001 	-0.040842 	-0.041566 	-0.042153 	-0.042583 	-0.042834 	-0.042884 	-0.042727 	-0.042336 	-0.041676 	-0.040719 	-0.039453 	-0.037866 	-0.035951 	-0.033708 	-0.031140 	-0.028263 	-0.025097 	-0.021675 	-0.018038 	-0.014240 	-0.010347 	-0.006423 	-0.002674 	0.002436 	
-0.034721 	-0.035253 	-0.036567 	-0.037778 	-0.038976 	-0.040133 	-0.041233 	-0.042256 	-0.043184 	-0.043997 	-0.044672 	-0.045188 	-0.045523 	-0.045654 	-0.045563 	-0.045236 	-0.044642 	-0.043737 	-0.042507 	-0.040938 	-0.039021 	-0.036751 	-0.034130 	-0.031169 	-0.027887 	-0.024313 	-0.020488 	-0.016466 	-0.012311 	-0.008092 	-0.004014 	0.001326 	
-0.036538 	-0.036915 	-0.038334 	-0.039617 	-0.040892 	-0.042128 	-0.043309 	-0.044417 	-0.045431 	-0.046330 	-0.047092 	-0.047695 	-0.048113 	-0.048323 	-0.048301 	-0.048043 	-0.047514 	-0.046663 	-0.045473 	-0.043927 	-0.042011 	-0.039720 	-0.037052 	-0.034014 	-0.030621 	-0.026900 	-0.022891 	-0.018644 	-0.014227 	-0.009715 	-0.005318 	0.000297 	
-0.038278 	-0.038538 	-0.040021 	-0.041361 	-0.042705 	-0.044015 	-0.045275 	-0.046464 	-0.047562 	-0.048546 	-0.049394 	-0.050081 	-0.050581 	-0.050870 	-0.050918 	-0.050728 	-0.050263 	-0.049467 	-0.048319 	-0.046798 	-0.044889 	-0.042582 	-0.039871 	-0.036760 	-0.033262 	-0.029399 	-0.025206 	-0.020734 	-0.016046 	-0.011213 	-0.006410 	-0.000658 	
-0.039890 	-0.040005 	-0.041578 	-0.042981 	-0.044395 	-0.045777 	-0.047112 	-0.048380 	-0.049558 	-0.050625 	-0.051555 	-0.052324 	-0.052905 	-0.053270 	-0.053390 	-0.053265 	-0.052859 	-0.052119 	-0.051013 	-0.049519 	-0.047619 	-0.045299 	-0.042549 	-0.039371 	-0.035771 	-0.031770 	-0.027399 	-0.022705 	-0.017751 	-0.012610 	-0.007450 	-0.001469 	
-0.041350 	-0.041339 	-0.043004 	-0.044468 	-0.045948 	-0.047399 	-0.048806 	-0.050148 	-0.051403 	-0.052547 	-0.053557 	-0.054404 	-0.055062 	-0.055503 	-0.055697 	-0.055625 	-0.055269 	-0.054587 	-0.053524 	-0.052058 	-0.050168 	-0.047836 	-0.045051 	-0.041808 	-0.038110 	-0.033974 	-0.029428 	-0.024514 	-0.019295 	-0.013849 	-0.008348 	-0.002067 	
-0.042700 	-0.042593 	-0.044306 	-0.045818 	-0.047355 	-0.048868 	-0.050342 	-0.051753 	-0.053080 	-0.054298 	-0.055381 	-0.056302 	-0.057033 	-0.057544 	-0.057804 	-0.057783 	-0.057479 	-0.056848 	-0.055824 	-0.054384 	-0.052503 	-0.050159 	-0.047339 	-0.044032 	-0.040239 	-0.035970 	-0.031249 	-0.026113 	-0.020618 	-0.014835 	-0.008885 	-0.002496 	
-0.043875 	-0.043656 	-0.045444 	-0.047006 	-0.048600 	-0.050172 	-0.051707 	-0.053182 	-0.054575 	-0.055861 	-0.057012 	-0.058002 	-0.058799 	-0.059374 	-0.059694 	-0.059724 	-0.059466 	-0.058879 	-0.057889 	-0.056470 	-0.054593 	-0.052236 	-0.049379 	-0.046009 	-0.042120 	-0.037719 	-0.032824 	-0.027469 	-0.021704 	-0.015601 	-0.009270 	-0.002630 	
-0.044857 	-0.044553 	-0.046416 	-0.048028 	-0.049674 	-0.051299 	-0.052890 	-0.054424 	-0.055877 	-0.057224 	-0.058437 	-0.059488 	-0.060346 	-0.060978 	-0.061352 	-0.061428 	-0.061209 	-0.060656 	-0.059693 	-0.058288 	-0.056412 	-0.054037 	-0.051140 	-0.047702 	-0.043716 	-0.039182 	-0.034113 	-0.028537 	-0.022503 	-0.016083 	-0.009388 	-0.002384 	
-0.045703 	-0.045352 	-0.047242 	-0.048886 	-0.050573 	-0.052245 	-0.053885 	-0.055470 	-0.056977 	-0.058378 	-0.059646 	-0.060751 	-0.061661 	-0.062343 	-0.062763 	-0.062882 	-0.062691 	-0.062159 	-0.061217 	-0.059818 	-0.057935 	-0.055535 	-0.052591 	-0.049081 	-0.044993 	-0.040322 	-0.035074 	-0.029270 	-0.022949 	-0.016172 	-0.008984 	-0.001855 	
-0.046338 	-0.045941 	-0.047881 	-0.049560 	-0.051285 	-0.052997 	-0.054680 	-0.056310 	-0.057863 	-0.059311 	-0.060627 	-0.061778 	-0.062734 	-0.063459 	-0.063919 	-0.064077 	-0.063900 	-0.063375 	-0.062449 	-0.061043 	-0.059141 	-0.056708 	-0.053710 	-0.050120 	-0.045922 	-0.041108 	-0.035676 	-0.029642 	-0.023038 	-0.015921 	-0.008321 	-0.000857 	
-0.046765 	-0.046333 	-0.048337 	-0.050056 	-0.051816 	-0.053563 	-0.055283 	-0.056950 	-0.058542 	-0.060029 	-0.061382 	-0.062571 	-0.063560 	-0.064315 	-0.064801 	-0.064977 	-0.064805 	-0.064280 	-0.063350 	-0.061939 	-0.060019 	-0.057549 	-0.054489 	-0.050803 	-0.046481 	-0.041516 	-0.035891 	-0.029619 	-0.022726 	-0.015270 	-0.007285 	0.000696 	
-0.047053 	-0.046671 	-0.048660 	-0.050396 	-0.052178 	-0.053952 	-0.055701 	-0.057399 	-0.059022 	-0.060539 	-0.061921 	-0.063136 	-0.064147 	-0.064919 	-0.065415 	-0.065594 	-0.065412 	-0.064869 	-0.063916 	-0.062480 	-0.060520 	-0.057988 	-0.054848 	-0.051078 	-0.046651 	-0.041535 	-0.035699 	-0.029168 	-0.021960 	-0.014110 	-0.005579 	0.002638 	
-0.047135 	-0.046816 	-0.048808 	-0.050559 	-0.052358 	-0.054152 	-0.055922 	-0.057644 	-0.059293 	-0.060834 	-0.062238 	-0.063473 	-0.064498 	-0.065278 	-0.065777 	-0.065949 	-0.065748 	-0.065175 	-0.064176 	-0.062676 	-0.060641 	-0.058020 	-0.054780 	-0.050910 	-0.046351 	-0.041059 	-0.035044 	-0.028290 	-0.020773 	-0.012536 	-0.003555 	0.005198 	
-0.047009 	-0.046775 	-0.048790 	-0.050563 	-0.052374 	-0.054184 	-0.055973 	-0.057713 	-0.059383 	-0.060942 	-0.062360 	-0.063608 	-0.064639 	-0.065416 	-0.065910 	-0.066063 	-0.065831 	-0.065218 	-0.064157 	-0.062579 	-0.060459 	-0.057728 	-0.054353 	-0.050327 	-0.045580 	-0.040085 	-0.033875 	-0.026863 	-0.019034 	-0.010489 	-0.001136 	0.008435 	
-0.046744 	-0.046777 	-0.048654 	-0.050392 	-0.052189 	-0.054004 	-0.055801 	-0.057552 	-0.059240 	-0.060810 	-0.062233 	-0.063493 	-0.064521 	-0.065284 	-0.065770 	-0.065894 	-0.065616 	-0.064954 	-0.063811 	-0.062131 	-0.059915 	-0.057053 	-0.053516 	-0.049332 	-0.044376 	-0.038632 	-0.032164 	-0.024836 	-0.016658 	-0.007751 	0.002147 	0.012179 	
-0.046270 	-0.046511 	-0.048112 	-0.049739 	-0.051469 	-0.053266 	-0.055048 	-0.056790 	-0.058496 	-0.060067 	-0.061484 	-0.062769 	-0.063792 	-0.064534 	-0.065039 	-0.065138 	-0.064810 	-0.064138 	-0.062923 	-0.061149 	-0.058901 	-0.055929 	-0.052238 	-0.047974 	-0.042842 	-0.036857 	-0.030233 	-0.022616 	-0.014042 	-0.004811 	0.005549 	0.016770 	
-0.045593 	-0.047388 	-0.049235 	-0.051139 	-0.053058 	-0.054970 	-0.056851 	-0.058650 	-0.060375 	-0.061963 	-0.063352 	-0.064588 	-0.065560 	-0.066198 	-0.066589 	-0.066570 	-0.066059 	-0.065201 	-0.063790 	-0.061739 	-0.059226 	-0.055970 	-0.051894 	-0.047245 	-0.041698 	-0.035187 	-0.028019 	-0.019848 	-0.010619 	-0.000702 	0.010221 	0.022180 	
