
 ########## Data for k = 0 ############ 
0.000000 	-0.000044 	-0.000139 	-0.000200 	-0.000166 	-0.000031 	0.000200 	0.000515 	0.000900 	0.001343 	0.001831 	0.002353 	0.002902 	0.003468 	0.004045 	0.004626 	0.005205 	0.005775 	0.006331 	0.006865 	0.007369 	0.007837 	0.008259 	0.008628 	0.008934 	0.009170 	0.009326 	0.009396 	0.009372 	0.009249 	0.009026 	0.008701 	0.008277 	0.007759 	0.007155 	0.006476 	0.005739 	0.004961 	0.004162 	0.003366 	0.002595 	0.001873 	0.001224 	0.000666 	0.000219 	-0.000105 	-0.000298 	-0.000360 	-0.000307 	-0.000167 	-0.000040 	0.000000 	
-0.000044 	0.000044 	0.000139 	0.000200 	0.000166 	0.000031 	-0.000200 	-0.000515 	-0.000900 	-0.001343 	-0.001831 	-0.002353 	-0.002902 	-0.003468 	-0.004045 	-0.004626 	-0.005205 	-0.005775 	-0.006331 	-0.006865 	-0.007369 	-0.007837 	-0.008259 	-0.008628 	-0.008934 	-0.009170 	-0.009326 	-0.009396 	-0.009372 	-0.009249 	-0.009026 	-0.008701 	-0.008277 	-0.007759 	-0.007155 	-0.006476 	-0.005739 	-0.004961 	-0.004162 	-0.003366 	-0.002595 	-0.001873 	-0.001224 	-0.000666 	-0.000219 	0.000105 	0.000298 	0.000360 	0.000307 	0.000167 	0.000040 	-0.000040 	
-0.000051 	0.000051 	0.000121 	0.000063 	-0.000200 	-0.000688 	-0.001395 	-0.002302 	-0.003382 	-0.004608 	-0.005951 	-0.007385 	-0.008888 	-0.010436 	-0.012009 	-0.013590 	-0.015158 	-0.016696 	-0.018186 	-0.019606 	-0.020939 	-0.022162 	-0.023256 	-0.024197 	-0.024965 	-0.025540 	-0.025901 	-0.026032 	-0.025920 	-0.025553 	-0.024927 	-0.024042 	-0.022907 	-0.021534 	-0.019948 	-0.018177 	-0.016261 	-0.014242 	-0.012173 	-0.010106 	-0.008099 	-0.006208 	-0.004487 	-0.002984 	-0.001741 	-0.000785 	-0.000131 	0.000227 	0.000324 	0.000219 	0.000063 	-0.000063 	
-0.000032 	0.000032 	-0.000007 	-0.000286 	-0.000864 	-0.001761 	-0.002971 	-0.004466 	-0.006213 	-0.008171 	-0.010303 	-0.012569 	-0.014935 	-0.017367 	-0.019833 	-0.022302 	-0.024746 	-0.027134 	-0.029438 	-0.031625 	-0.033667 	-0.035530 	-0.037184 	-0.038596 	-0.039734 	-0.040571 	-0.041078 	-0.041232 	-0.041015 	-0.040414 	-0.039422 	-0.038043 	-0.036289 	-0.034183 	-0.031758 	-0.029060 	-0.026144 	-0.023075 	-0.019926 	-0.016774 	-0.013703 	-0.010794 	-0.008123 	-0.005761 	-0.003766 	-0.002179 	-0.001019 	-0.000279 	0.000083 	0.000142 	0.000054 	-0.000054 	
-0.000003 	0.000003 	-0.000187 	-0.000753 	-0.001702 	-0.003052 	-0.004786 	-0.006871 	-0.009265 	-0.011920 	-0.014788 	-0.017823 	-0.020979 	-0.024212 	-0.027481 	-0.030746 	-0.033967 	-0.037106 	-0.040122 	-0.042977 	-0.045629 	-0.048039 	-0.050165 	-0.051968 	-0.053409 	-0.054452 	-0.055065 	-0.055220 	-0.054896 	-0.054077 	-0.052759 	-0.050946 	-0.048655 	-0.045917 	-0.042773 	-0.039281 	-0.035508 	-0.031534 	-0.027451 	-0.023355 	-0.019346 	-0.015526 	-0.011991 	-0.008828 	-0.006109 	-0.003885 	-0.002186 	-0.001005 	-0.000304 	-0.000000 	0.000033 	-0.000033 	
0.000028 	-0.000028 	-0.000387 	-0.001271 	-0.002625 	-0.004454 	-0.006727 	-0.009402 	-0.012429 	-0.015753 	-0.019318 	-0.023069 	-0.026954 	-0.030920 	-0.034919 	-0.038901 	-0.042819 	-0.046625 	-0.050273 	-0.053713 	-0.056899 	-0.059782 	-0.062315 	-0.064451 	-0.066148 	-0.067362 	-0.068060 	-0.068208 	-0.067785 	-0.066774 	-0.065170 	-0.062981 	-0.060227 	-0.056943 	-0.053177 	-0.048994 	-0.044474 	-0.039706 	-0.034796 	-0.029853 	-0.024994 	-0.020336 	-0.015990 	-0.012059 	-0.008629 	-0.005764 	-0.003500 	-0.001842 	-0.000758 	-0.000169 	0.000008 	-0.000008 	
0.000059 	-0.000059 	-0.000591 	-0.001807 	-0.003580 	-0.005901 	-0.008718 	-0.011980 	-0.015625 	-0.019593 	-0.023820 	-0.028244 	-0.032807 	-0.037449 	-0.042114 	-0.046748 	-0.051295 	-0.055701 	-0.059913 	-0.063875 	-0.067535 	-0.070837 	-0.073729 	-0.076160 	-0.078082 	-0.079450 	-0.080225 	-0.080373 	-0.079870 	-0.078698 	-0.076854 	-0.074345 	-0.071194 	-0.067438 	-0.063131 	-0.058343 	-0.053159 	-0.047680 	-0.042018 	-0.036298 	-0.030646 	-0.025195 	-0.020070 	-0.015389 	-0.011251 	-0.007734 	-0.004888 	-0.002728 	-0.001237 	-0.000344 	-0.000016 	0.000016 	
0.000087 	-0.000087 	-0.000791 	-0.002339 	-0.004534 	-0.007346 	-0.010705 	-0.014543 	-0.018791 	-0.023378 	-0.028235 	-0.033293 	-0.038489 	-0.043758 	-0.049038 	-0.054268 	-0.059389 	-0.064340 	-0.069063 	-0.073498 	-0.077586 	-0.081268 	-0.084488 	-0.087190 	-0.089324 	-0.090841 	-0.091700 	-0.091865 	-0.091310 	-0.090016 	-0.087979 	-0.085206 	-0.081719 	-0.077559 	-0.072779 	-0.067454 	-0.061674 	-0.055545 	-0.049188 	-0.042735 	-0.036327 	-0.030108 	-0.024217 	-0.018788 	-0.013936 	-0.009755 	-0.006310 	-0.003631 	-0.001720 	-0.000516 	-0.000038 	0.000038 	
0.000114 	-0.000114 	-0.000984 	-0.002857 	-0.005465 	-0.008760 	-0.012648 	-0.017049 	-0.021878 	-0.027059 	-0.032515 	-0.038173 	-0.043961 	-0.049813 	-0.055662 	-0.061443 	-0.067092 	-0.072544 	-0.077737 	-0.082607 	-0.087091 	-0.091128 	-0.094658 	-0.097622 	-0.099966 	-0.101641 	-0.102601 	-0.102809 	-0.102237 	-0.100865 	-0.098685 	-0.095703 	-0.091941 	-0.087438 	-0.082248 	-0.076445 	-0.070123 	-0.063392 	-0.056378 	-0.049224 	-0.042078 	-0.035100 	-0.028443 	-0.022258 	-0.016677 	-0.011814 	-0.007753 	-0.004541 	-0.002200 	-0.000682 	-0.000058 	0.000058 	
0.000139 	-0.000139 	-0.001167 	-0.003353 	-0.006360 	-0.010123 	-0.014523 	-0.019464 	-0.024852 	-0.030599 	-0.036622 	-0.042844 	-0.049189 	-0.055586 	-0.061964 	-0.068256 	-0.074394 	-0.080312 	-0.085942 	-0.091220 	-0.096080 	-0.100457 	-0.104289 	-0.107516 	-0.110080 	-0.111929 	-0.113017 	-0.113303 	-0.112756 	-0.111354 	-0.109085 	-0.105952 	-0.101975 	-0.097187 	-0.091643 	-0.085416 	-0.078598 	-0.071303 	-0.063663 	-0.055825 	-0.047951 	-0.040212 	-0.032779 	-0.025820 	-0.019489 	-0.013921 	-0.009221 	-0.005459 	-0.002679 	-0.000845 	-0.000075 	0.000075 	
0.000162 	-0.000162 	-0.001339 	-0.003822 	-0.007211 	-0.011419 	-0.016308 	-0.021764 	-0.027682 	-0.033966 	-0.040525 	-0.047277 	-0.054143 	-0.061048 	-0.067920 	-0.074688 	-0.081284 	-0.087638 	-0.093682 	-0.099349 	-0.104571 	-0.109282 	-0.113418 	-0.116916 	-0.119717 	-0.121767 	-0.123016 	-0.123420 	-0.122946 	-0.121565 	-0.119264 	-0.116040 	-0.111907 	-0.106894 	-0.101052 	-0.094450 	-0.087180 	-0.079355 	-0.071111 	-0.062603 	-0.054002 	-0.045493 	-0.037266 	-0.029508 	-0.022399 	-0.016095 	-0.010730 	-0.006397 	-0.003163 	-0.001006 	-0.000092 	0.000092 	
0.000184 	-0.000184 	-0.001500 	-0.004262 	-0.008010 	-0.012639 	-0.017988 	-0.023930 	-0.030347 	-0.037134 	-0.044196 	-0.051443 	-0.058796 	-0.066175 	-0.073508 	-0.080722 	-0.087748 	-0.094514 	-0.100953 	-0.106995 	-0.112572 	-0.117617 	-0.122064 	-0.125849 	-0.128911 	-0.131192 	-0.132640 	-0.133208 	-0.132857 	-0.131555 	-0.129282 	-0.126028 	-0.121801 	-0.116623 	-0.110539 	-0.103613 	-0.095932 	-0.087611 	-0.078786 	-0.069618 	-0.060289 	-0.050997 	-0.041952 	-0.033366 	-0.025442 	-0.018367 	-0.012303 	-0.007370 	-0.003662 	-0.001171 	-0.000108 	0.000108 	
0.000203 	-0.000203 	-0.001649 	-0.004671 	-0.008752 	-0.013773 	-0.019552 	-0.025947 	-0.032829 	-0.040084 	-0.047612 	-0.055320 	-0.063124 	-0.070944 	-0.078707 	-0.086338 	-0.093767 	-0.100925 	-0.107742 	-0.114149 	-0.120079 	-0.125461 	-0.130231 	-0.134322 	-0.137671 	-0.140218 	-0.141908 	-0.142687 	-0.142514 	-0.141350 	-0.139166 	-0.135947 	-0.131690 	-0.126411 	-0.120144 	-0.112947 	-0.104902 	-0.096120 	-0.086738 	-0.076922 	-0.066863 	-0.056775 	-0.046888 	-0.037437 	-0.028658 	-0.020770 	-0.013964 	-0.008395 	-0.004186 	-0.001343 	-0.000125 	0.000125 	
0.000221 	-0.000221 	-0.001786 	-0.005045 	-0.009433 	-0.014814 	-0.020988 	-0.027800 	-0.035110 	-0.042797 	-0.050754 	-0.058885 	-0.067105 	-0.075332 	-0.083492 	-0.091512 	-0.099321 	-0.106850 	-0.114031 	-0.120795 	-0.127074 	-0.132800 	-0.137906 	-0.142324 	-0.145989 	-0.148838 	-0.150812 	-0.151853 	-0.151914 	-0.150947 	-0.148918 	-0.145800 	-0.141582 	-0.136267 	-0.129881 	-0.122471 	-0.114113 	-0.104911 	-0.095002 	-0.084555 	-0.073768 	-0.062872 	-0.052117 	-0.041767 	-0.032089 	-0.023337 	-0.015743 	-0.009494 	-0.004747 	-0.001527 	-0.000142 	0.000142 	
0.000238 	-0.000238 	-0.001909 	-0.005383 	-0.010049 	-0.015757 	-0.022289 	-0.029479 	-0.037177 	-0.045255 	-0.053602 	-0.062119 	-0.070717 	-0.079316 	-0.087841 	-0.096220 	-0.104383 	-0.112263 	-0.119793 	-0.126905 	-0.133532 	-0.139606 	-0.145059 	-0.149824 	-0.153833 	-0.157020 	-0.159321 	-0.160675 	-0.161023 	-0.160316 	-0.158507 	-0.155560 	-0.151451 	-0.146173 	-0.139736 	-0.132179 	-0.123566 	-0.113994 	-0.103595 	-0.092540 	-0.081036 	-0.069325 	-0.057680 	-0.046395 	-0.035770 	-0.026103 	-0.017664 	-0.010684 	-0.005357 	-0.001727 	-0.000162 	0.000162 	
0.000252 	-0.000252 	-0.002019 	-0.005684 	-0.010597 	-0.016595 	-0.023447 	-0.030974 	-0.039019 	-0.047446 	-0.056140 	-0.065001 	-0.073939 	-0.082872 	-0.091727 	-0.100434 	-0.108924 	-0.117132 	-0.124993 	-0.132441 	-0.139411 	-0.145834 	-0.151645 	-0.156773 	-0.161151 	-0.164709 	-0.167377 	-0.169091 	-0.169782 	-0.169396 	-0.167874 	-0.165169 	-0.161244 	-0.156077 	-0.149666 	-0.142034 	-0.133233 	-0.123350 	-0.112511 	-0.100883 	-0.088680 	-0.076157 	-0.063606 	-0.051353 	-0.039737 	-0.029097 	-0.019754 	-0.011984 	-0.006025 	-0.001949 	-0.000184 	0.000184 	
0.000265 	-0.000265 	-0.002114 	-0.005945 	-0.011074 	-0.017325 	-0.024456 	-0.032277 	-0.040623 	-0.049355 	-0.058354 	-0.067515 	-0.076750 	-0.085978 	-0.095125 	-0.104125 	-0.112911 	-0.121420 	-0.129591 	-0.137359 	-0.144661 	-0.151431 	-0.157603 	-0.163107 	-0.167873 	-0.171829 	-0.174901 	-0.177018 	-0.178105 	-0.178098 	-0.176929 	-0.174538 	-0.170874 	-0.165899 	-0.159596 	-0.151971 	-0.143061 	-0.132938 	-0.121720 	-0.109568 	-0.096698 	-0.083375 	-0.069913 	-0.056666 	-0.044015 	-0.032346 	-0.022036 	-0.013411 	-0.006764 	-0.002195 	-0.000209 	0.000209 	
0.000275 	-0.000275 	-0.002194 	-0.006166 	-0.011476 	-0.017943 	-0.025310 	-0.033381 	-0.041983 	-0.050973 	-0.060228 	-0.069644 	-0.079130 	-0.088609 	-0.098007 	-0.107260 	-0.116306 	-0.125085 	-0.133538 	-0.141603 	-0.149221 	-0.156328 	-0.162858 	-0.168743 	-0.173910 	-0.178284 	-0.181790 	-0.184349 	-0.185879 	-0.186307 	-0.185555 	-0.183550 	-0.180225 	-0.175528 	-0.169422 	-0.161894 	-0.152963 	-0.142686 	-0.131164 	-0.118553 	-0.105064 	-0.090970 	-0.076603 	-0.062347 	-0.048623 	-0.035872 	-0.024528 	-0.014980 	-0.007581 	-0.002470 	-0.000238 	0.000238 	
0.000283 	-0.000283 	-0.002259 	-0.006345 	-0.011804 	-0.018447 	-0.026007 	-0.034280 	-0.043091 	-0.052289 	-0.061752 	-0.071372 	-0.081062 	-0.090743 	-0.100346 	-0.109809 	-0.119073 	-0.128082 	-0.136782 	-0.145115 	-0.153024 	-0.160449 	-0.167325 	-0.173585 	-0.179156 	-0.183963 	-0.187923 	-0.190955 	-0.192968 	-0.193882 	-0.193607 	-0.192058 	-0.189153 	-0.184821 	-0.179006 	-0.171675 	-0.162825 	-0.152492 	-0.140761 	-0.127772 	-0.113731 	-0.098913 	-0.083664 	-0.068395 	-0.053571 	-0.039689 	-0.027247 	-0.016705 	-0.008487 	-0.002777 	-0.000271 	0.000271 	
0.000290 	-0.000290 	-0.002308 	-0.006482 	-0.012056 	-0.018834 	-0.026543 	-0.034973 	-0.043942 	-0.053298 	-0.062916 	-0.072689 	-0.082529 	-0.092360 	-0.102115 	-0.111737 	-0.121171 	-0.130365 	-0.139268 	-0.147829 	-0.155995 	-0.163709 	-0.170908 	-0.177528 	-0.183496 	-0.188736 	-0.193162 	-0.196689 	-0.199218 	-0.200661 	-0.200918 	-0.199892 	-0.197484 	-0.193607 	-0.188183 	-0.181156 	-0.172500 	-0.162226 	-0.150395 	-0.137131 	-0.122625 	-0.107150 	-0.091062 	-0.074796 	-0.058859 	-0.043805 	-0.030204 	-0.018597 	-0.009488 	-0.003120 	-0.000308 	0.000308 	
0.000294 	-0.000294 	-0.002342 	-0.006578 	-0.012233 	-0.019107 	-0.026921 	-0.035459 	-0.044536 	-0.053997 	-0.063716 	-0.073585 	-0.083518 	-0.093441 	-0.103292 	-0.113016 	-0.122562 	-0.131886 	-0.140941 	-0.149681 	-0.158057 	-0.166018 	-0.173506 	-0.180458 	-0.186803 	-0.192464 	-0.197355 	-0.201386 	-0.204455 	-0.206461 	-0.207298 	-0.206856 	-0.205022 	-0.201690 	-0.196760 	-0.190152 	-0.181813 	-0.171725 	-0.159924 	-0.146507 	-0.131648 	-0.115609 	-0.098748 	-0.081521 	-0.064474 	-0.048220 	-0.033407 	-0.020663 	-0.010591 	-0.003501 	-0.000351 	0.000351 	
0.000296 	-0.000296 	-0.002361 	-0.006633 	-0.012337 	-0.019268 	-0.027142 	-0.035741 	-0.044875 	-0.054387 	-0.064149 	-0.074056 	-0.084021 	-0.093974 	-0.103856 	-0.113617 	-0.123213 	-0.132602 	-0.141746 	-0.150604 	-0.159133 	-0.167288 	-0.175016 	-0.182257 	-0.188944 	-0.195001 	-0.200343 	-0.204875 	-0.208495 	-0.211087 	-0.212541 	-0.212737 	-0.211549 	-0.208849 	-0.204518 	-0.198449 	-0.190560 	-0.180802 	-0.169177 	-0.155752 	-0.140674 	-0.124188 	-0.106648 	-0.088522 	-0.070390 	-0.052924 	-0.036856 	-0.022911 	-0.011802 	-0.003924 	-0.000400 	0.000400 	
0.000296 	-0.000296 	-0.002366 	-0.006650 	-0.012371 	-0.019322 	-0.027215 	-0.035826 	-0.044965 	-0.054473 	-0.064220 	-0.074102 	-0.084035 	-0.093950 	-0.103794 	-0.113520 	-0.123092 	-0.132474 	-0.141633 	-0.150537 	-0.159150 	-0.167431 	-0.175336 	-0.182809 	-0.189788 	-0.196200 	-0.201961 	-0.206976 	-0.211140 	-0.214329 	-0.216429 	-0.217308 	-0.216829 	-0.214846 	-0.211218 	-0.205812 	-0.198512 	-0.189238 	-0.177953 	-0.164686 	-0.149552 	-0.132766 	-0.114669 	-0.095733 	-0.076567 	-0.057900 	-0.040548 	-0.025343 	-0.013126 	-0.004392 	-0.000455 	0.000455 	
0.000294 	-0.000294 	-0.002357 	-0.006632 	-0.012342 	-0.019278 	-0.027148 	-0.035727 	-0.044820 	-0.054268 	-0.063939 	-0.073731 	-0.083562 	-0.093367 	-0.103096 	-0.112711 	-0.122177 	-0.131469 	-0.140561 	-0.149427 	-0.158040 	-0.166367 	-0.174370 	-0.182002 	-0.189206 	-0.195915 	-0.202047 	-0.207509 	-0.212196 	-0.215981 	-0.218738 	-0.220335 	-0.220618 	-0.219429 	-0.216604 	-0.211983 	-0.205420 	-0.196794 	-0.186028 	-0.173107 	-0.158101 	-0.141192 	-0.122693 	-0.103070 	-0.082952 	-0.063117 	-0.044470 	-0.027959 	-0.014566 	-0.004906 	-0.000517 	0.000517 	
0.000290 	-0.000290 	-0.002338 	-0.006584 	-0.012259 	-0.019148 	-0.026958 	-0.035461 	-0.044458 	-0.053789 	-0.063323 	-0.072959 	-0.082615 	-0.092233 	-0.101766 	-0.111182 	-0.120455 	-0.129565 	-0.138496 	-0.147230 	-0.155747 	-0.164026 	-0.172035 	-0.179737 	-0.187083 	-0.194012 	-0.200450 	-0.206306 	-0.211475 	-0.215837 	-0.219249 	-0.221579 	-0.222667 	-0.222338 	-0.220409 	-0.216694 	-0.211014 	-0.203208 	-0.193152 	-0.180783 	-0.166119 	-0.149293 	-0.130580 	-0.110428 	-0.089472 	-0.068535 	-0.048605 	-0.030755 	-0.016124 	-0.005470 	-0.000587 	0.000587 	
0.000285 	-0.000285 	-0.002310 	-0.006514 	-0.012131 	-0.018947 	-0.026664 	-0.035050 	-0.043904 	-0.053063 	-0.062398 	-0.071807 	-0.081213 	-0.090562 	-0.099813 	-0.108939 	-0.117923 	-0.126752 	-0.135418 	-0.143914 	-0.152230 	-0.160352 	-0.168262 	-0.175930 	-0.183317 	-0.190373 	-0.197031 	-0.203208 	-0.208802 	-0.213700 	-0.217748 	-0.220812 	-0.222728 	-0.223311 	-0.222361 	-0.219666 	-0.215013 	-0.208201 	-0.199058 	-0.187463 	-0.173376 	-0.156869 	-0.138167 	-0.117681 	-0.096041 	-0.074100 	-0.052926 	-0.033722 	-0.017802 	-0.006086 	-0.000665 	0.000665 	
0.000280 	-0.000280 	-0.002277 	-0.006428 	-0.011975 	-0.018697 	-0.026293 	-0.034526 	-0.043191 	-0.052125 	-0.061197 	-0.070309 	-0.079388 	-0.088382 	-0.097259 	-0.105998 	-0.114590 	-0.123030 	-0.131322 	-0.139465 	-0.147462 	-0.155309 	-0.162999 	-0.170515 	-0.177829 	-0.184901 	-0.191676 	-0.198080 	-0.204019 	-0.209387 	-0.214033 	-0.217812 	-0.220564 	-0.222095 	-0.222190 	-0.220615 	-0.217127 	-0.211484 	-0.203460 	-0.192876 	-0.179621 	-0.163698 	-0.145265 	-0.124682 	-0.102551 	-0.079744 	-0.057399 	-0.036847 	-0.019597 	-0.006755 	-0.000753 	0.000753 	
0.000274 	-0.000274 	-0.002242 	-0.006339 	-0.011809 	-0.018425 	-0.025878 	-0.033926 	-0.042361 	-0.051017 	-0.059764 	-0.068507 	-0.077178 	-0.085729 	-0.094136 	-0.102386 	-0.110478 	-0.118417 	-0.126215 	-0.133883 	-0.141435 	-0.148880 	-0.156220 	-0.163452 	-0.170563 	-0.177524 	-0.184295 	-0.190814 	-0.196999 	-0.202748 	-0.207931 	-0.212383 	-0.215955 	-0.218447 	-0.219635 	-0.219266 	-0.217068 	-0.212759 	-0.206062 	-0.196731 	-0.184582 	-0.169535 	-0.151665 	-0.131260 	-0.108877 	-0.085384 	-0.061977 	-0.040113 	-0.021506 	-0.007478 	-0.000850 	0.000850 	
0.000269 	-0.000269 	-0.002212 	-0.006261 	-0.011656 	-0.018161 	-0.025458 	-0.033296 	-0.041463 	-0.049792 	-0.058153 	-0.066455 	-0.074634 	-0.082652 	-0.090490 	-0.098144 	-0.105622 	-0.112942 	-0.120122 	-0.127188 	-0.134163 	-0.141067 	-0.147919 	-0.154727 	-0.161492 	-0.168202 	-0.174832 	-0.181335 	-0.187646 	-0.193671 	-0.199302 	-0.204358 	-0.208707 	-0.212148 	-0.214452 	-0.215351 	-0.214550 	-0.211729 	-0.206560 	-0.198729 	-0.187971 	-0.174113 	-0.157133 	-0.137225 	-0.114876 	-0.090925 	-0.066605 	-0.043497 	-0.023526 	-0.008259 	-0.000959 	0.000959 	
0.000265 	-0.000265 	-0.002193 	-0.006209 	-0.011544 	-0.017946 	-0.025083 	-0.032694 	-0.040560 	-0.048514 	-0.056428 	-0.064214 	-0.071817 	-0.079207 	-0.086373 	-0.093321 	-0.100071 	-0.106648 	-0.113084 	-0.119414 	-0.125674 	-0.131897 	-0.138114 	-0.144349 	-0.150618 	-0.156926 	-0.163262 	-0.169602 	-0.175897 	-0.182068 	-0.188032 	-0.193600 	-0.198656 	-0.203006 	-0.206419 	-0.208623 	-0.209300 	-0.208101 	-0.204647 	-0.198558 	-0.189484 	-0.177148 	-0.161414 	-0.142362 	-0.120380 	-0.096251 	-0.071218 	-0.046968 	-0.025649 	-0.009097 	-0.001079 	0.001079 	
0.000263 	-0.000263 	-0.002193 	-0.006205 	-0.011509 	-0.017828 	-0.024811 	-0.032184 	-0.039722 	-0.047254 	-0.054660 	-0.061856 	-0.068796 	-0.075460 	-0.081848 	-0.087978 	-0.093879 	-0.099589 	-0.105150 	-0.110610 	-0.116016 	-0.121414 	-0.126847 	-0.132356 	-0.137971 	-0.143715 	-0.149597 	-0.155610 	-0.161727 	-0.167892 	-0.174041 	-0.180012 	-0.185675 	-0.190863 	-0.195348 	-0.198858 	-0.201065 	-0.201593 	-0.200021 	-0.195905 	-0.188805 	-0.178336 	-0.164231 	-0.146434 	-0.125204 	-0.101231 	-0.075737 	-0.050491 	-0.027866 	-0.009994 	-0.001213 	0.001213 	
0.000266 	-0.000266 	-0.002222 	-0.006276 	-0.011593 	-0.017864 	-0.024712 	-0.031844 	-0.039029 	-0.046097 	-0.052931 	-0.059459 	-0.065645 	-0.071482 	-0.076984 	-0.082179 	-0.087110 	-0.091825 	-0.096381 	-0.100835 	-0.105246 	-0.109674 	-0.114176 	-0.118804 	-0.123606 	-0.128622 	-0.133880 	-0.139394 	-0.145159 	-0.151147 	-0.157301 	-0.163541 	-0.169681 	-0.175603 	-0.181085 	-0.185865 	-0.189615 	-0.191941 	-0.192388 	-0.190452 	-0.185609 	-0.177357 	-0.165286 	-0.149180 	-0.129137 	-0.105714 	-0.080070 	-0.054024 	-0.030167 	-0.010952 	-0.001362 	0.001362 	
0.000275 	-0.000275 	-0.002295 	-0.006454 	-0.011848 	-0.018123 	-0.024865 	-0.031761 	-0.038572 	-0.045130 	-0.051327 	-0.057105 	-0.062442 	-0.067347 	-0.071847 	-0.075988 	-0.079824 	-0.083417 	-0.086836 	-0.090149 	-0.093428 	-0.096743 	-0.100166 	-0.103761 	-0.107593 	-0.111717 	-0.116181 	-0.121020 	-0.126255 	-0.131886 	-0.137874 	-0.144192 	-0.150646 	-0.157156 	-0.163519 	-0.169491 	-0.174751 	-0.178902 	-0.181466 	-0.181889 	-0.179565 	-0.173876 	-0.164259 	-0.150314 	-0.131945 	-0.109529 	-0.084112 	-0.057519 	-0.032540 	-0.011973 	-0.001527 	0.001527 	
0.000293 	-0.000293 	-0.002427 	-0.006779 	-0.012336 	-0.018686 	-0.025364 	-0.032034 	-0.038449 	-0.044449 	-0.049938 	-0.054875 	-0.059260 	-0.063119 	-0.066498 	-0.069460 	-0.072074 	-0.074416 	-0.076565 	-0.078604 	-0.080615 	-0.082681 	-0.084882 	-0.087299 	-0.090007 	-0.093080 	-0.096582 	-0.100571 	-0.105091 	-0.110172 	-0.115801 	-0.121995 	-0.128572 	-0.135492 	-0.142581 	-0.149620 	-0.156310 	-0.162263 	-0.166993 	-0.169910 	-0.170337 	-0.167542 	-0.160805 	-0.149521 	-0.133362 	-0.112478 	-0.087738 	-0.060918 	-0.034973 	-0.013061 	-0.001712 	0.001712 	
0.000322 	-0.000322 	-0.002640 	-0.007303 	-0.013137 	-0.019649 	-0.026315 	-0.032771 	-0.038765 	-0.044148 	-0.048846 	-0.052841 	-0.056158 	-0.058848 	-0.060979 	-0.062631 	-0.063891 	-0.064849 	-0.065598 	-0.066232 	-0.066843 	-0.067525 	-0.068370 	-0.069469 	-0.070911 	-0.072782 	-0.075163 	-0.078131 	-0.081752 	-0.086084 	-0.091147 	-0.096997 	-0.103495 	-0.110617 	-0.118240 	-0.126177 	-0.134162 	-0.141836 	-0.148723 	-0.154216 	-0.157584 	-0.157990 	-0.154554 	-0.146453 	-0.133092 	-0.114335 	-0.090806 	-0.064154 	-0.037453 	-0.014224 	-0.001919 	0.001919 	
0.000370 	-0.000370 	-0.002965 	-0.008090 	-0.014344 	-0.021127 	-0.027838 	-0.034087 	-0.039622 	-0.044314 	-0.048119 	-0.051053 	-0.053172 	-0.054555 	-0.055296 	-0.055498 	-0.055265 	-0.054704 	-0.053920 	-0.053018 	-0.052102 	-0.051274 	-0.050636 	-0.050289 	-0.050333 	-0.050864 	-0.051977 	-0.053766 	-0.056316 	-0.059707 	-0.063999 	-0.069237 	-0.075470 	-0.082565 	-0.090500 	-0.099122 	-0.108215 	-0.117466 	-0.126437 	-0.134523 	-0.140962 	-0.144834 	-0.145105 	-0.140723 	-0.130793 	-0.114835 	-0.093144 	-0.067151 	-0.039968 	-0.015471 	-0.002154 	0.002154 	
0.000441 	-0.000441 	-0.003439 	-0.009226 	-0.016074 	-0.023249 	-0.030062 	-0.036095 	-0.041111 	-0.045012 	-0.047795 	-0.049522 	-0.050286 	-0.050203 	-0.049398 	-0.047996 	-0.046122 	-0.043899 	-0.041446 	-0.038879 	-0.036312 	-0.033854 	-0.031616 	-0.029707 	-0.028235 	-0.027306 	-0.027026 	-0.027498 	-0.028828 	-0.031115 	-0.034453 	-0.038904 	-0.044594 	-0.051411 	-0.059395 	-0.068446 	-0.078406 	-0.089026 	-0.099933 	-0.110552 	-0.120122 	-0.127669 	-0.132018 	-0.131893 	-0.126069 	-0.113664 	-0.094547 	-0.069811 	-0.042507 	-0.016822 	-0.002425 	0.002425 	
0.000548 	-0.000548 	-0.004117 	-0.010816 	-0.018465 	-0.026162 	-0.033116 	-0.038896 	-0.043292 	-0.046259 	-0.047852 	-0.048187 	-0.047408 	-0.045674 	-0.043142 	-0.039964 	-0.036287 	-0.032251 	-0.027987 	-0.023624 	-0.019284 	-0.015083 	-0.011139 	-0.007568 	-0.004482 	-0.001993 	-0.000215 	0.000740 	0.000753 	-0.000289 	-0.002509 	-0.005991 	-0.010907 	-0.017193 	-0.024952 	-0.034151 	-0.044694 	-0.056410 	-0.069033 	-0.082040 	-0.094711 	-0.106060 	-0.114807 	-0.119463 	-0.118454 	-0.110439 	-0.094757 	-0.072016 	-0.045059 	-0.018304 	-0.002745 	0.002745 	
0.000706 	-0.000706 	-0.005072 	-0.013001 	-0.021684 	-0.030022 	-0.037119 	-0.042551 	-0.046165 	-0.047992 	-0.048167 	-0.046875 	-0.044322 	-0.040712 	-0.036242 	-0.031093 	-0.025432 	-0.019418 	-0.013192 	-0.006895 	-0.000658 	0.005391 	0.011127 	0.016438 	0.021212 	0.025332 	0.028682 	0.031139 	0.032582 	0.032885 	0.031906 	0.029541 	0.025592 	0.020068 	0.012820 	0.003812 	-0.007003 	-0.019516 	-0.033566 	-0.048730 	-0.064365 	-0.079548 	-0.092927 	-0.102849 	-0.107384 	-0.104681 	-0.093437 	-0.073602 	-0.047609 	-0.019963 	-0.003134 	0.003134 	
0.000943 	-0.000943 	-0.006411 	-0.015958 	-0.025921 	-0.034979 	-0.042145 	-0.047044 	-0.049618 	-0.050010 	-0.048458 	-0.045235 	-0.040616 	-0.034860 	-0.028202 	-0.020855 	-0.013002 	-0.004825 	0.003530 	0.011879 	0.020103 	0.028073 	0.035673 	0.042792 	0.049316 	0.055127 	0.060105 	0.064126 	0.067060 	0.068771 	0.069111 	0.067950 	0.065085 	0.060461 	0.053910 	0.045336 	0.034614 	0.021701 	0.006683 	-0.010310 	-0.028689 	-0.047628 	-0.065761 	-0.081365 	-0.092164 	-0.095777 	-0.090140 	-0.074339 	-0.050130 	-0.021867 	-0.003627 	0.003627 	
0.001302 	-0.001302 	-0.008285 	-0.019913 	-0.031378 	-0.041140 	-0.048169 	-0.052203 	-0.053340 	-0.051875 	-0.048180 	-0.042632 	-0.035583 	-0.027350 	-0.018209 	-0.008396 	0.001882 	0.012395 	0.022973 	0.033470 	0.043764 	0.053732 	0.063262 	0.072243 	0.080562 	0.088103 	0.094746 	0.100364 	0.104823 	0.107984 	0.109691 	0.109792 	0.108108 	0.104438 	0.098674 	0.090633 	0.080159 	0.067130 	0.051517 	0.033286 	0.012720 	-0.009692 	-0.032580 	-0.054181 	-0.071925 	-0.082919 	-0.084242 	-0.073878 	-0.052559 	-0.024116 	-0.004286 	0.004286 	
0.001859 	-0.001859 	-0.010913 	-0.025137 	-0.038233 	-0.048502 	-0.054966 	-0.057583 	-0.056685 	-0.052773 	-0.046379 	-0.038000 	-0.028071 	-0.016962 	-0.004994 	0.007577 	0.020430 	0.033398 	0.046317 	0.059054 	0.071489 	0.083508 	0.095003 	0.105868 	0.115994 	0.125268 	0.133573 	0.140783 	0.146762 	0.151366 	0.154436 	0.155803 	0.155287 	0.152642 	0.147727 	0.140312 	0.130193 	0.117176 	0.101119 	0.081913 	0.059648 	0.034563 	0.007422 	-0.020242 	-0.045547 	-0.065020 	-0.074847 	-0.071669 	-0.054753 	-0.026846 	-0.005212 	0.005212 	
0.002745 	-0.002745 	-0.014618 	-0.031935 	-0.046560 	-0.056804 	-0.061926 	-0.062253 	-0.058450 	-0.051277 	-0.041459 	-0.029617 	-0.016261 	-0.001822 	0.013315 	0.028786 	0.044380 	0.059925 	0.075274 	0.090305 	0.104907 	0.118979 	0.132423 	0.145140 	0.157029 	0.167984 	0.177891 	0.186628 	0.194060 	0.200040 	0.204409 	0.206986 	0.207582 	0.205946 	0.201881 	0.195125 	0.185427 	0.172527 	0.156187 	0.136193 	0.112452 	0.085034 	0.054361 	0.021495 	-0.011578 	-0.040579 	-0.060644 	-0.066820 	-0.056385 	-0.030221 	-0.006574 	0.006574 	
0.004198 	-0.004198 	-0.019854 	-0.040566 	-0.056144 	-0.065266 	-0.067732 	-0.064443 	-0.056511 	-0.045001 	-0.030847 	-0.014779 	0.002614 	0.020752 	0.039231 	0.057791 	0.076238 	0.094419 	0.112209 	0.129506 	0.146218 	0.162259 	0.177546 	0.191994 	0.205513 	0.218005 	0.229364 	0.239474 	0.248203 	0.255408 	0.260927 	0.264577 	0.266159 	0.265428 	0.262136 	0.256002 	0.246730 	0.234008 	0.217518 	0.196941 	0.172014 	0.142585 	0.108771 	0.071221 	0.031423 	-0.007565 	-0.039658 	-0.057851 	-0.056751 	-0.034367 	-0.008636 	0.008636 	
0.006626 	-0.006626 	-0.027223 	-0.051026 	-0.066076 	-0.072059 	-0.069780 	-0.060955 	-0.047247 	-0.030043 	-0.010495 	0.010628 	0.032403 	0.054453 	0.076440 	0.098152 	0.119433 	0.140167 	0.160265 	0.179654 	0.198269 	0.216049 	0.232930 	0.248844 	0.263718 	0.277466 	0.289995 	0.301195 	0.310943 	0.319101 	0.325510 	0.329988 	0.332332 	0.332309 	0.329629 	0.324003 	0.315108 	0.302590 	0.286068 	0.265129 	0.239358 	0.208378 	0.171968 	0.130293 	0.084271 	0.036250 	-0.008976 	-0.042274 	-0.054394 	-0.039198 	-0.011759 	0.011759 	
0.010690 	-0.010690 	-0.037337 	-0.062460 	-0.073884 	-0.073298 	-0.063137 	-0.046163 	-0.024612 	-0.000200 	0.025719 	0.052144 	0.078531 	0.104548 	0.129960 	0.154628 	0.178464 	0.201409 	0.223425 	0.244482 	0.264552 	0.283605 	0.301604 	0.318505 	0.334253 	0.348781 	0.362009 	0.373842 	0.384167 	0.392854 	0.399753 	0.404687 	0.407459 	0.407842 	0.405529 	0.400236 	0.391625 	0.379325 	0.362909 	0.341890 	0.315721 	0.283814 	0.245607 	0.200735 	0.149372 	0.092922 	0.035205 	-0.015898 	-0.046363 	-0.043929 	-0.016274 	0.016274 	
0.017226 	-0.017226 	-0.050150 	-0.071635 	-0.073632 	-0.061079 	-0.038669 	-0.010390 	0.021121 	0.053578 	0.086039 	0.117801 	0.148537 	0.178071 	0.206317 	0.233255 	0.258896 	0.283264 	0.306388 	0.328294 	0.348998 	0.368511 	0.386828 	0.403933 	0.419795 	0.434367 	0.447588 	0.459378 	0.469640 	0.478257 	0.485092 	0.489977 	0.492741 	0.493132 	0.490881 	0.485715 	0.477306 	0.465279 	0.449190 	0.428505 	0.402578 	0.370642 	0.331816 	0.285196 	0.230103 	0.166678 	0.097171 	0.027969 	-0.026729 	-0.045970 	-0.021939 	0.021939 	
0.026292 	-0.026292 	-0.062560 	-0.069095 	-0.051733 	-0.019616 	0.020092 	0.061953 	0.103762 	0.144058 	0.182341 	0.218369 	0.252143 	0.283753 	0.313330 	0.341016 	0.366951 	0.391260 	0.414051 	0.435414 	0.455417 	0.474110 	0.491525 	0.507673 	0.522548 	0.536126 	0.548365 	0.559203 	0.568561 	0.576339 	0.582419 	0.586647 	0.588897 	0.588866 	0.586388 	0.581200 	0.573006 	0.561452 	0.546104 	0.526420 	0.501708 	0.471079 	0.433402 	0.387283 	0.331163 	0.263692 	0.184865 	0.098114 	0.016142 	-0.038116 	-0.026066 	0.026066 	
0.031747 	-0.031747 	-0.059308 	-0.028590 	0.022166 	0.080817 	0.139054 	0.193640 	0.243655 	0.288956 	0.329891 	0.366903 	0.400473 	0.431038 	0.458981 	0.484629 	0.508252 	0.530074 	0.550273 	0.568992 	0.586342 	0.602404 	0.617236 	0.630872 	0.643325 	0.654590 	0.664640 	0.673434 	0.680909 	0.686987 	0.691569 	0.694532 	0.695756 	0.695017 	0.692182 	0.687035 	0.679329 	0.668758 	0.654937 	0.637368 	0.615384 	0.588078 	0.554200 	0.512030 	0.459270 	0.393064 	0.310680 	0.210857 	0.101955 	-0.001705 	-0.017645 	0.017645 	
-0.001599 	0.001599 	0.015140 	0.116636 	0.207393 	0.289362 	0.358960 	0.417514 	0.466848 	0.508691 	0.544543 	0.575594 	0.602781 	0.626826 	0.648288 	0.667594 	0.685077 	0.700993 	0.715538 	0.728864 	0.741085 	0.752286 	0.762526 	0.771843 	0.780256 	0.787767 	0.794362 	0.800012 	0.804676 	0.808296 	0.810799 	0.812114 	0.812102 	0.810688 	0.807758 	0.803165 	0.796726 	0.788219 	0.777355 	0.763747 	0.746862 	0.725935 	0.699841 	0.666888 	0.624523 	0.568911 	0.494769 	0.394837 	0.268107 	0.103154 	0.037567 	-0.037567 	
-0.243839 	0.243839 	0.329297 	0.504392 	0.609601 	0.682179 	0.732604 	0.768884 	0.795948 	0.816860 	0.833560 	0.847284 	0.858842 	0.868771 	0.877441 	0.885107 	0.891952 	0.898110 	0.903676 	0.908722 	0.913301 	0.917449 	0.921190 	0.924539 	0.927501 	0.930075 	0.932252 	0.934017 	0.935348 	0.936216 	0.936589 	0.936424 	0.935694 	0.934370 	0.932402 	0.929724 	0.926258 	0.921905 	0.916540 	0.909993 	0.902018 	0.892249 	0.880102 	0.864605 	0.844052 	0.815298 	0.772541 	0.704170 	0.595025 	0.387184 	0.268852 	-0.268852 	
0.000000 	1.756161 	1.670703 	1.495608 	1.390399 	1.317821 	1.267396 	1.231116 	1.204052 	1.183140 	1.166440 	1.152716 	1.141158 	1.131229 	1.122559 	1.114893 	1.108048 	1.101890 	1.096324 	1.091278 	1.086699 	1.082551 	1.078810 	1.075461 	1.072499 	1.069925 	1.067748 	1.065983 	1.064652 	1.063784 	1.063411 	1.063576 	1.064306 	1.065630 	1.067598 	1.070276 	1.073742 	1.078095 	1.083460 	1.090007 	1.097982 	1.107751 	1.119898 	1.135395 	1.155948 	1.184702 	1.227459 	1.295830 	1.404975 	1.612816 	1.731148 	0.000000 	

 ########## Data for k = 1 ############ 
0.000000 	0.000044 	0.000052 	0.000032 	0.000002 	-0.000028 	-0.000053 	-0.000074 	-0.000090 	-0.000102 	-0.000112 	-0.000119 	-0.000124 	-0.000127 	-0.000129 	-0.000130 	-0.000130 	-0.000129 	-0.000126 	-0.000121 	-0.000115 	-0.000107 	-0.000097 	-0.000085 	-0.000071 	-0.000054 	-0.000035 	-0.000013 	0.000010 	0.000034 	0.000059 	0.000084 	0.000109 	0.000132 	0.000153 	0.000170 	0.000183 	0.000191 	0.000194 	0.000190 	0.000180 	0.000163 	0.000141 	0.000113 	0.000081 	0.000045 	0.000007 	-0.000030 	-0.000060 	-0.000071 	-0.000042 	0.000000 	
0.000044 	-0.000044 	-0.000052 	-0.000032 	-0.000002 	0.000028 	0.000053 	0.000074 	0.000090 	0.000102 	0.000112 	0.000119 	0.000124 	0.000127 	0.000129 	0.000130 	0.000130 	0.000129 	0.000126 	0.000121 	0.000115 	0.000107 	0.000097 	0.000085 	0.000071 	0.000054 	0.000035 	0.000013 	-0.000010 	-0.000034 	-0.000059 	-0.000084 	-0.000109 	-0.000132 	-0.000153 	-0.000170 	-0.000183 	-0.000191 	-0.000194 	-0.000190 	-0.000180 	-0.000163 	-0.000141 	-0.000113 	-0.000081 	-0.000045 	-0.000007 	0.000030 	0.000060 	0.000071 	0.000042 	-0.000042 	
0.000139 	-0.000139 	-0.000121 	0.000009 	0.000184 	0.000364 	0.000529 	0.000673 	0.000793 	0.000890 	0.000966 	0.001023 	0.001065 	0.001092 	0.001105 	0.001107 	0.001096 	0.001072 	0.001036 	0.000986 	0.000921 	0.000841 	0.000746 	0.000635 	0.000507 	0.000364 	0.000206 	0.000035 	-0.000146 	-0.000333 	-0.000524 	-0.000713 	-0.000894 	-0.001063 	-0.001212 	-0.001337 	-0.001430 	-0.001487 	-0.001504 	-0.001479 	-0.001409 	-0.001297 	-0.001145 	-0.000958 	-0.000743 	-0.000509 	-0.000270 	-0.000045 	0.000137 	0.000230 	0.000162 	-0.000162 	
0.000200 	-0.000200 	-0.000064 	0.000287 	0.000733 	0.001192 	0.001622 	0.002004 	0.002328 	0.002594 	0.002805 	0.002966 	0.003081 	0.003153 	0.003186 	0.003182 	0.003140 	0.003062 	0.002945 	0.002788 	0.002591 	0.002350 	0.002067 	0.001740 	0.001369 	0.000958 	0.000510 	0.000029 	-0.000476 	-0.000997 	-0.001523 	-0.002042 	-0.002538 	-0.002998 	-0.003404 	-0.003741 	-0.003994 	-0.004150 	-0.004199 	-0.004135 	-0.003955 	-0.003663 	-0.003265 	-0.002775 	-0.002215 	-0.001609 	-0.000993 	-0.000416 	0.000058 	0.000336 	0.000291 	-0.000291 	
0.000170 	-0.000170 	0.000200 	0.000867 	0.001665 	0.002480 	0.003247 	0.003931 	0.004516 	0.005001 	0.005386 	0.005680 	0.005887 	0.006014 	0.006066 	0.006045 	0.005953 	0.005789 	0.005551 	0.005238 	0.004847 	0.004378 	0.003828 	0.003200 	0.002494 	0.001716 	0.000872 	-0.000027 	-0.000968 	-0.001934 	-0.002907 	-0.003862 	-0.004775 	-0.005618 	-0.006363 	-0.006981 	-0.007448 	-0.007740 	-0.007839 	-0.007734 	-0.007422 	-0.006907 	-0.006204 	-0.005337 	-0.004343 	-0.003269 	-0.002177 	-0.001148 	-0.000285 	0.000274 	0.000351 	-0.000351 	
0.000033 	-0.000033 	0.000710 	0.001797 	0.003032 	0.004274 	0.005439 	0.006479 	0.007372 	0.008113 	0.008704 	0.009151 	0.009464 	0.009649 	0.009714 	0.009662 	0.009495 	0.009211 	0.008811 	0.008290 	0.007648 	0.006882 	0.005992 	0.004981 	0.003852 	0.002613 	0.001278 	-0.000140 	-0.001618 	-0.003132 	-0.004651 	-0.006141 	-0.007562 	-0.008874 	-0.010034 	-0.011000 	-0.011733 	-0.012199 	-0.012371 	-0.012233 	-0.011777 	-0.011011 	-0.009958 	-0.008653 	-0.007153 	-0.005529 	-0.003872 	-0.002297 	-0.000946 	0.000001 	0.000324 	-0.000324 	
-0.000215 	0.000215 	0.001479 	0.003096 	0.004851 	0.006583 	0.008196 	0.009634 	0.010868 	0.011891 	0.012704 	0.013317 	0.013740 	0.013981 	0.014048 	0.013947 	0.013679 	0.013244 	0.012640 	0.011866 	0.010918 	0.009795 	0.008499 	0.007033 	0.005406 	0.003628 	0.001719 	-0.000301 	-0.002402 	-0.004549 	-0.006700 	-0.008806 	-0.010815 	-0.012670 	-0.014313 	-0.015687 	-0.016738 	-0.017420 	-0.017695 	-0.017539 	-0.016941 	-0.015913 	-0.014482 	-0.012699 	-0.010639 	-0.008398 	-0.006099 	-0.003892 	-0.001954 	-0.000505 	0.000203 	-0.000203 	
-0.000571 	0.000571 	0.002513 	0.004773 	0.007129 	0.009412 	0.011518 	0.013386 	0.014986 	0.016307 	0.017355 	0.018138 	0.018668 	0.018957 	0.019013 	0.018843 	0.018448 	0.017829 	0.016985 	0.015912 	0.014609 	0.013076 	0.011316 	0.009334 	0.007142 	0.004757 	0.002201 	-0.000494 	-0.003292 	-0.006147 	-0.009004 	-0.011801 	-0.014469 	-0.016937 	-0.019129 	-0.020972 	-0.022396 	-0.023339 	-0.023754 	-0.023605 	-0.022880 	-0.021587 	-0.019764 	-0.017473 	-0.014808 	-0.011892 	-0.008878 	-0.005949 	-0.003322 	-0.001250 	-0.000010 	0.000010 	
-0.001032 	0.001032 	0.003805 	0.006822 	0.009861 	0.012753 	0.015394 	0.017720 	0.019703 	0.021335 	0.022620 	0.023572 	0.024204 	0.024529 	0.024559 	0.024298 	0.023751 	0.022918 	0.021798 	0.020388 	0.018688 	0.016697 	0.014422 	0.011870 	0.009057 	0.006005 	0.002743 	-0.000691 	-0.004251 	-0.007880 	-0.011510 	-0.015066 	-0.018462 	-0.021610 	-0.024417 	-0.026792 	-0.028648 	-0.029907 	-0.030505 	-0.030400 	-0.029570 	-0.028023 	-0.025802 	-0.022981 	-0.019672 	-0.016025 	-0.012222 	-0.008483 	-0.005058 	-0.002233 	-0.000311 	0.000311 	
-0.001593 	0.001593 	0.005348 	0.009233 	0.013036 	0.016594 	0.019807 	0.022616 	0.024996 	0.026944 	0.028468 	0.029584 	0.030309 	0.030658 	0.030643 	0.030272 	0.029549 	0.028474 	0.027047 	0.025266 	0.023131 	0.020643 	0.017810 	0.014642 	0.011161 	0.007392 	0.003371 	-0.000857 	-0.005237 	-0.009699 	-0.014165 	-0.018544 	-0.022735 	-0.026631 	-0.030122 	-0.033096 	-0.035449 	-0.037085 	-0.037922 	-0.037905 	-0.037004 	-0.035223 	-0.032606 	-0.029239 	-0.025251 	-0.020816 	-0.016150 	-0.011504 	-0.007167 	-0.003455 	-0.000697 	0.000697 	
-0.002249 	0.002249 	0.007129 	0.011991 	0.016636 	0.020915 	0.024735 	0.028049 	0.030838 	0.033105 	0.034866 	0.036139 	0.036946 	0.037304 	0.037229 	0.036728 	0.035807 	0.034467 	0.032707 	0.030526 	0.027925 	0.024907 	0.021480 	0.017661 	0.013471 	0.008943 	0.004118 	-0.000952 	-0.006201 	-0.011551 	-0.016911 	-0.022176 	-0.027227 	-0.031942 	-0.036189 	-0.039837 	-0.042761 	-0.044843 	-0.045984 	-0.046112 	-0.045183 	-0.043196 	-0.040194 	-0.036271 	-0.031571 	-0.026293 	-0.020682 	-0.015028 	-0.009655 	-0.004915 	-0.001166 	0.001166 	
-0.002992 	0.002992 	0.009134 	0.015077 	0.020640 	0.025690 	0.030152 	0.033990 	0.037197 	0.039786 	0.041779 	0.043202 	0.044080 	0.044435 	0.044283 	0.043636 	0.042498 	0.040873 	0.038758 	0.036155 	0.033064 	0.029490 	0.025443 	0.020942 	0.016012 	0.010690 	0.005024 	-0.000927 	-0.007091 	-0.013380 	-0.019690 	-0.025901 	-0.031880 	-0.037486 	-0.042566 	-0.046969 	-0.050544 	-0.053153 	-0.054675 	-0.055015 	-0.054114 	-0.051960 	-0.048591 	-0.044106 	-0.038664 	-0.032485 	-0.025847 	-0.019076 	-0.012536 	-0.006620 	-0.001718 	0.001718 	
-0.003818 	0.003818 	0.011349 	0.018469 	0.025020 	0.030891 	0.036027 	0.040408 	0.044042 	0.046953 	0.049174 	0.050739 	0.051677 	0.052017 	0.051776 	0.050967 	0.049599 	0.047672 	0.045188 	0.042145 	0.038547 	0.034399 	0.029713 	0.024508 	0.018814 	0.012672 	0.006134 	-0.000734 	-0.007853 	-0.015126 	-0.022438 	-0.029656 	-0.036632 	-0.043203 	-0.049199 	-0.054444 	-0.058762 	-0.061989 	-0.063978 	-0.064610 	-0.063804 	-0.061533 	-0.057826 	-0.052782 	-0.046570 	-0.039432 	-0.031679 	-0.023675 	-0.015828 	-0.008578 	-0.002354 	0.002354 	
-0.004719 	0.004719 	0.013757 	0.022145 	0.029749 	0.036487 	0.042326 	0.047266 	0.051335 	0.054570 	0.057015 	0.058713 	0.059704 	0.060017 	0.059676 	0.058696 	0.057086 	0.054847 	0.051983 	0.048492 	0.044376 	0.039643 	0.034304 	0.028383 	0.021909 	0.014927 	0.007493 	-0.000320 	-0.008428 	-0.016728 	-0.025092 	-0.033376 	-0.041416 	-0.049032 	-0.056030 	-0.062210 	-0.067371 	-0.071318 	-0.073874 	-0.074890 	-0.074261 	-0.071936 	-0.067929 	-0.062336 	-0.055332 	-0.047180 	-0.038220 	-0.028860 	-0.019559 	-0.010806 	-0.003081 	0.003081 	
-0.005689 	0.005689 	0.016341 	0.026078 	0.034798 	0.042444 	0.049013 	0.054529 	0.059038 	0.062597 	0.065263 	0.067090 	0.068124 	0.068403 	0.067955 	0.066796 	0.064937 	0.062382 	0.059133 	0.055189 	0.050552 	0.045230 	0.039236 	0.032591 	0.025329 	0.017495 	0.009150 	0.000368 	-0.008759 	-0.018121 	-0.027585 	-0.036992 	-0.046165 	-0.054904 	-0.062995 	-0.070211 	-0.076322 	-0.081100 	-0.084335 	-0.085844 	-0.085487 	-0.083185 	-0.078932 	-0.072811 	-0.065000 	-0.055779 	-0.045520 	-0.034677 	-0.023763 	-0.013326 	-0.003905 	0.003905 	
-0.006720 	0.006720 	0.019083 	0.030244 	0.040132 	0.048725 	0.056048 	0.062154 	0.067111 	0.070994 	0.073878 	0.075828 	0.076901 	0.077141 	0.076579 	0.075238 	0.073129 	0.070257 	0.066624 	0.062230 	0.057077 	0.051170 	0.044522 	0.037156 	0.029105 	0.020415 	0.011148 	0.001383 	-0.008786 	-0.019243 	-0.029848 	-0.040432 	-0.050804 	-0.060747 	-0.070023 	-0.078381 	-0.085557 	-0.091289 	-0.095328 	-0.097450 	-0.097477 	-0.095292 	-0.090861 	-0.084246 	-0.075625 	-0.065287 	-0.053637 	-0.041176 	-0.028479 	-0.016163 	-0.004835 	0.004835 	
-0.007806 	0.007806 	0.021964 	0.034614 	0.045718 	0.055292 	0.063392 	0.070099 	0.075509 	0.079718 	0.082818 	0.084888 	0.085995 	0.086192 	0.085516 	0.083992 	0.081635 	0.078451 	0.074441 	0.069606 	0.063945 	0.057465 	0.050175 	0.042097 	0.033264 	0.023722 	0.013532 	0.002774 	-0.008453 	-0.020030 	-0.031812 	-0.043622 	-0.055256 	-0.066481 	-0.077037 	-0.086644 	-0.095006 	-0.101823 	-0.106803 	-0.109675 	-0.110215 	-0.108260 	-0.103736 	-0.096681 	-0.087257 	-0.075762 	-0.062631 	-0.048415 	-0.033756 	-0.019351 	-0.005885 	0.005885 	
-0.008938 	0.008938 	0.024964 	0.039158 	0.051522 	0.062105 	0.071000 	0.078320 	0.084188 	0.088724 	0.092037 	0.094224 	0.095363 	0.095516 	0.094726 	0.093023 	0.090424 	0.086937 	0.082562 	0.077300 	0.071149 	0.064112 	0.056198 	0.047426 	0.037827 	0.027443 	0.016337 	0.004588 	-0.007705 	-0.020420 	-0.033408 	-0.046487 	-0.059442 	-0.072023 	-0.083951 	-0.094916 	-0.104590 	-0.112630 	-0.118698 	-0.122472 	-0.123671 	-0.122078 	-0.117571 	-0.110146 	-0.099945 	-0.087267 	-0.072570 	-0.056458 	-0.039648 	-0.022925 	-0.007068 	0.007068 	
-0.010108 	0.010108 	0.028062 	0.043849 	0.057506 	0.069123 	0.078829 	0.086771 	0.093101 	0.097963 	0.101488 	0.103790 	0.104959 	0.105068 	0.104167 	0.102291 	0.099460 	0.095682 	0.090959 	0.085289 	0.078670 	0.071101 	0.062589 	0.053148 	0.042806 	0.031602 	0.019596 	0.006864 	-0.006495 	-0.020354 	-0.034569 	-0.048951 	-0.063277 	-0.077284 	-0.090671 	-0.103102 	-0.114214 	-0.123622 	-0.130936 	-0.135776 	-0.137798 	-0.136722 	-0.132361 	-0.124663 	-0.113733 	-0.099859 	-0.083521 	-0.065374 	-0.046213 	-0.026927 	-0.008399 	0.008399 	
-0.011308 	0.011308 	0.031239 	0.048656 	0.063634 	0.076305 	0.086834 	0.095404 	0.102197 	0.107384 	0.111120 	0.113534 	0.114733 	0.114799 	0.113791 	0.111750 	0.108697 	0.104645 	0.099595 	0.093542 	0.086483 	0.078413 	0.069334 	0.059258 	0.048204 	0.036210 	0.023329 	0.009634 	-0.004778 	-0.019781 	-0.035231 	-0.050941 	-0.066678 	-0.082170 	-0.097097 	-0.111097 	-0.123772 	-0.134695 	-0.143419 	-0.149503 	-0.152531 	-0.152147 	-0.148090 	-0.140240 	-0.128653 	-0.113593 	-0.095551 	-0.075232 	-0.053516 	-0.031403 	-0.009898 	0.009898 	
-0.012530 	0.012530 	0.034473 	0.053548 	0.069869 	0.083607 	0.094968 	0.104169 	0.111425 	0.116936 	0.120878 	0.123402 	0.124629 	0.124654 	0.123544 	0.121346 	0.118087 	0.113778 	0.108423 	0.102016 	0.094549 	0.086014 	0.076408 	0.065736 	0.054013 	0.041268 	0.027548 	0.012920 	-0.002522 	-0.018655 	-0.035338 	-0.052384 	-0.069561 	-0.086585 	-0.103121 	-0.118785 	-0.133145 	-0.145727 	-0.156032 	-0.163547 	-0.167780 	-0.168286 	-0.164717 	-0.156868 	-0.144726 	-0.128516 	-0.108727 	-0.086106 	-0.061623 	-0.036401 	-0.011583 	0.011583 	
-0.013765 	0.013765 	0.037745 	0.058497 	0.076174 	0.090989 	0.103186 	0.113018 	0.120735 	0.126564 	0.130707 	0.133336 	0.134589 	0.134572 	0.133365 	0.131019 	0.127567 	0.123023 	0.117389 	0.110658 	0.102820 	0.093861 	0.083773 	0.072554 	0.060210 	0.046762 	0.032250 	0.016733 	0.000299 	-0.016939 	-0.034837 	-0.053216 	-0.071844 	-0.090432 	-0.108634 	-0.126044 	-0.142199 	-0.156583 	-0.168638 	-0.177780 	-0.183431 	-0.185049 	-0.182180 	-0.174516 	-0.161956 	-0.144663 	-0.123105 	-0.098066 	-0.070603 	-0.041974 	-0.013475 	0.013475 	
-0.015006 	0.015006 	0.041034 	0.063474 	0.082515 	0.098410 	0.111441 	0.121901 	0.130071 	0.136210 	0.140547 	0.143274 	0.144547 	0.144488 	0.143186 	0.140701 	0.137071 	0.132311 	0.126425 	0.119403 	0.111233 	0.101896 	0.091376 	0.079664 	0.066757 	0.052666 	0.037421 	0.021070 	0.003692 	-0.014609 	-0.033687 	-0.053377 	-0.073449 	-0.093615 	-0.113521 	-0.132744 	-0.150793 	-0.167110 	-0.181082 	-0.192051 	-0.199345 	-0.202315 	-0.200387 	-0.193129 	-0.180326 	-0.162053 	-0.138737 	-0.111180 	-0.080525 	-0.048175 	-0.015598 	0.015598 	
-0.016246 	0.016246 	0.044323 	0.068452 	0.088858 	0.105829 	0.119690 	0.130768 	0.139381 	0.145818 	0.150336 	0.153150 	0.154436 	0.154330 	0.152934 	0.150317 	0.146520 	0.141564 	0.135452 	0.128174 	0.119713 	0.110046 	0.099150 	0.087005 	0.073600 	0.058935 	0.043026 	0.025911 	0.007653 	-0.011650 	-0.031858 	-0.052816 	-0.074306 	-0.096042 	-0.117668 	-0.138750 	-0.158773 	-0.177143 	-0.193190 	-0.206183 	-0.215353 	-0.219934 	-0.219216 	-0.212622 	-0.199793 	-0.180687 	-0.155660 	-0.125510 	-0.091459 	-0.055061 	-0.017975 	0.017975 	
-0.017478 	0.017478 	0.047596 	0.073409 	0.095172 	0.113212 	0.127890 	0.139572 	0.148611 	0.155328 	0.160010 	0.162896 	0.164182 	0.164022 	0.162529 	0.159781 	0.155828 	0.150694 	0.144382 	0.136882 	0.128172 	0.118225 	0.107010 	0.094499 	0.080669 	0.065507 	0.049015 	0.031217 	0.012162 	-0.008066 	-0.029333 	-0.051497 	-0.074354 	-0.097628 	-0.120966 	-0.143927 	-0.165982 	-0.186503 	-0.204769 	-0.219978 	-0.231261 	-0.237726 	-0.238513 	-0.232875 	-0.220283 	-0.200540 	-0.173894 	-0.141110 	-0.103472 	-0.062689 	-0.020634 	0.020634 	
-0.018696 	0.018696 	0.050840 	0.078323 	0.101432 	0.120526 	0.136003 	0.148268 	0.157708 	0.164683 	0.169504 	0.172441 	0.173709 	0.173481 	0.171883 	0.169005 	0.164902 	0.159604 	0.153115 	0.145425 	0.136508 	0.126333 	0.114860 	0.102052 	0.087874 	0.072301 	0.055319 	0.036935 	0.017181 	-0.003877 	-0.026115 	-0.049399 	-0.073547 	-0.098299 	-0.123311 	-0.148144 	-0.172259 	-0.195004 	-0.215614 	-0.233217 	-0.246845 	-0.255475 	-0.258085 	-0.253735 	-0.241691 	-0.221561 	-0.193439 	-0.158020 	-0.116626 	-0.071118 	-0.023600 	0.023600 	
-0.019897 	0.019897 	0.054044 	0.083181 	0.107616 	0.127743 	0.143993 	0.156811 	0.166623 	0.173822 	0.178753 	0.181711 	0.182937 	0.182621 	0.180905 	0.177890 	0.173640 	0.168189 	0.161543 	0.153693 	0.144609 	0.134256 	0.122586 	0.109554 	0.095112 	0.079220 	0.061849 	0.042988 	0.022650 	0.000880 	-0.022220 	-0.046516 	-0.071854 	-0.097995 	-0.124611 	-0.151275 	-0.177446 	-0.202457 	-0.225507 	-0.245661 	-0.261857 	-0.272937 	-0.277704 	-0.275007 	-0.263871 	-0.243663 	-0.214271 	-0.176268 	-0.130977 	-0.080405 	-0.026902 	0.026902 	
-0.021078 	0.021078 	0.057205 	0.087974 	0.113712 	0.134841 	0.151831 	0.165165 	0.175307 	0.182688 	0.187688 	0.190630 	0.191782 	0.191351 	0.189498 	0.186335 	0.181934 	0.176335 	0.169549 	0.161564 	0.152352 	0.141869 	0.130064 	0.116881 	0.102260 	0.086147 	0.068497 	0.049279 	0.028485 	0.006138 	-0.017690 	-0.042866 	-0.069264 	-0.096673 	-0.124790 	-0.153206 	-0.181390 	-0.208670 	-0.234222 	-0.257056 	-0.276024 	-0.289833 	-0.297105 	-0.296456 	-0.286637 	-0.266723 	-0.236335 	-0.195860 	-0.146573 	-0.090606 	-0.030570 	0.030570 	
-0.022241 	0.022241 	0.060324 	0.092700 	0.119712 	0.141809 	0.159494 	0.173293 	0.183714 	0.191225 	0.196243 	0.199123 	0.200158 	0.199579 	0.197561 	0.194231 	0.189670 	0.183925 	0.177009 	0.168912 	0.159605 	0.149039 	0.137158 	0.123896 	0.109183 	0.092951 	0.075138 	0.055692 	0.034584 	0.011809 	-0.012587 	-0.038489 	-0.065790 	-0.094315 	-0.123792 	-0.153841 	-0.183951 	-0.213461 	-0.241533 	-0.267140 	-0.289054 	-0.305857 	-0.315983 	-0.317801 	-0.309755 	-0.290575 	-0.259543 	-0.216781 	-0.163451 	-0.101775 	-0.034634 	0.034634 	
-0.023389 	0.023389 	0.063410 	0.097371 	0.125623 	0.148641 	0.166967 	0.181169 	0.191802 	0.199377 	0.204351 	0.207111 	0.207978 	0.207206 	0.204989 	0.201467 	0.196731 	0.190834 	0.183795 	0.175604 	0.166230 	0.155624 	0.143723 	0.130453 	0.115735 	0.099486 	0.081629 	0.062093 	0.040822 	0.017788 	-0.007005 	-0.033455 	-0.061473 	-0.090928 	-0.121586 	-0.153106 	-0.185010 	-0.216659 	-0.247220 	-0.275644 	-0.300639 	-0.320673 	-0.333998 	-0.338720 	-0.332946 	-0.315006 	-0.283766 	-0.238988 	-0.181635 	-0.113964 	-0.039127 	0.039127 	
-0.024529 	0.024529 	0.066480 	0.102005 	0.131461 	0.155345 	0.174242 	0.188770 	0.199533 	0.207091 	0.211943 	0.214512 	0.215150 	0.214133 	0.211675 	0.207928 	0.202996 	0.196937 	0.189775 	0.181502 	0.172087 	0.161479 	0.149610 	0.136399 	0.121759 	0.105595 	0.087814 	0.068326 	0.047053 	0.023937 	-0.001057 	-0.027859 	-0.056383 	-0.086551 	-0.118174 	-0.150958 	-0.184471 	-0.218112 	-0.251073 	-0.282301 	-0.310463 	-0.333928 	-0.350773 	-0.358842 	-0.355876 	-0.339752 	-0.308830 	-0.262406 	-0.201129 	-0.127218 	-0.044081 	0.044081 	
-0.025674 	0.025674 	0.069564 	0.106640 	0.137258 	0.161941 	0.181323 	0.196079 	0.206872 	0.214314 	0.218951 	0.221246 	0.221581 	0.220257 	0.217507 	0.213497 	0.208341 	0.202105 	0.194815 	0.186469 	0.177033 	0.166456 	0.154665 	0.141577 	0.127093 	0.111111 	0.093523 	0.074222 	0.053108 	0.030094 	0.005116 	-0.021816 	-0.050618 	-0.081254 	-0.113589 	-0.147387 	-0.182272 	-0.217700 	-0.252905 	-0.286856 	-0.318206 	-0.345247 	-0.365902 	-0.377753 	-0.378160 	-0.364490 	-0.334511 	-0.286923 	-0.221921 	-0.141580 	-0.049529 	0.049529 	
-0.026843 	0.026843 	0.072707 	0.111329 	0.143061 	0.168462 	0.188223 	0.203087 	0.213785 	0.220992 	0.225304 	0.227226 	0.227173 	0.225471 	0.222371 	0.218054 	0.212642 	0.206208 	0.198783 	0.190367 	0.180926 	0.170408 	0.158739 	0.145829 	0.131576 	0.115868 	0.098585 	0.079606 	0.058809 	0.036082 	0.011333 	-0.015483 	-0.044313 	-0.075147 	-0.107909 	-0.142425 	-0.178392 	-0.215335 	-0.252557 	-0.289075 	-0.323555 	-0.354249 	-0.378950 	-0.394996 	-0.399353 	-0.388837 	-0.360527 	-0.312381 	-0.243973 	-0.157083 	-0.055509 	0.055509 	
-0.028062 	0.028062 	0.075969 	0.116145 	0.148940 	0.174956 	0.194962 	0.209786 	0.220240 	0.227069 	0.230926 	0.232361 	0.231822 	0.229662 	0.226148 	0.221474 	0.215770 	0.209116 	0.201546 	0.193060 	0.183628 	0.173194 	0.161683 	0.149004 	0.135049 	0.119699 	0.102826 	0.084297 	0.063973 	0.041719 	0.017412 	-0.009048 	-0.037642 	-0.068380 	-0.101251 	-0.136151 	-0.172857 	-0.210979 	-0.249912 	-0.288751 	-0.326214 	-0.360550 	-0.389462 	-0.410071 	-0.418955 	-0.412343 	-0.386530 	-0.338575 	-0.267219 	-0.173758 	-0.062057 	0.062057 	
-0.029368 	0.029368 	0.079435 	0.121188 	0.154983 	0.181487 	0.201572 	0.216173 	0.226199 	0.232480 	0.235730 	0.236548 	0.235415 	0.232709 	0.228712 	0.223629 	0.217597 	0.210699 	0.202972 	0.194416 	0.185002 	0.174674 	0.163357 	0.150954 	0.137358 	0.122443 	0.106077 	0.088115 	0.068409 	0.046803 	0.023146 	-0.002717 	-0.030805 	-0.061137 	-0.093777 	-0.128692 	-0.165745 	-0.204646 	-0.244903 	-0.285723 	-0.325914 	-0.363775 	-0.396968 	-0.422440 	-0.436404 	-0.434482 	-0.412097 	-0.365237 	-0.291561 	-0.191624 	-0.069216 	0.069216 	
-0.030811 	0.030811 	0.083215 	0.126587 	0.161304 	0.188133 	0.208085 	0.222236 	0.231616 	0.237148 	0.239617 	0.239672 	0.237828 	0.234481 	0.229930 	0.224385 	0.217988 	0.210823 	0.202929 	0.194305 	0.184921 	0.174721 	0.163627 	0.151545 	0.138362 	0.123951 	0.108176 	0.090886 	0.071925 	0.051123 	0.028309 	0.003298 	-0.024007 	-0.053628 	-0.085687 	-0.120223 	-0.157193 	-0.196411 	-0.237523 	-0.279882 	-0.322430 	-0.363571 	-0.400992 	-0.431532 	-0.451079 	-0.454649 	-0.436721 	-0.392029 	-0.316859 	-0.210696 	-0.077033 	0.077033 	
-0.032460 	0.032460 	0.087458 	0.132506 	0.168040 	0.194980 	0.214533 	0.227956 	0.236426 	0.240975 	0.242467 	0.241599 	0.238915 	0.234832 	0.229654 	0.223597 	0.216802 	0.209353 	0.201286 	0.192599 	0.183259 	0.173208 	0.162370 	0.150650 	0.137931 	0.124087 	0.108978 	0.092453 	0.074350 	0.054489 	0.032688 	0.008749 	-0.017484 	-0.046093 	-0.077216 	-0.110968 	-0.147395 	-0.186416 	-0.227835 	-0.271189 	-0.315589 	-0.359621 	-0.401068 	-0.436748 	-0.462295 	-0.472148 	-0.459793 	-0.418525 	-0.342927 	-0.230981 	-0.085566 	0.085566 	
-0.034408 	0.034408 	0.092356 	0.139150 	0.175352 	0.202119 	0.220933 	0.233284 	0.240531 	0.243830 	0.244125 	0.242161 	0.238508 	0.233592 	0.227722 	0.221109 	0.213890 	0.206147 	0.197907 	0.189171 	0.179899 	0.170029 	0.159485 	0.148169 	0.135966 	0.122747 	0.108372 	0.092692 	0.075549 	0.056750 	0.036109 	0.013424 	-0.011511 	-0.038822 	-0.068667 	-0.101219 	-0.136612 	-0.174870 	-0.215979 	-0.259682 	-0.305294 	-0.351662 	-0.396751 	-0.437471 	-0.469306 	-0.486186 	-0.480584 	-0.444193 	-0.369511 	-0.252476 	-0.094886 	0.094886 	
-0.036784 	0.036784 	0.098160 	0.146769 	0.183415 	0.209629 	0.227268 	0.238129 	0.243786 	0.245532 	0.244393 	0.241153 	0.236401 	0.230564 	0.223944 	0.216742 	0.209088 	0.201055 	0.192661 	0.183898 	0.174719 	0.165060 	0.154855 	0.143992 	0.132356 	0.119820 	0.106246 	0.091487 	0.075382 	0.057752 	0.038408 	0.017142 	-0.006280 	-0.032021 	-0.060244 	-0.091196 	-0.125152 	-0.162092 	-0.202217 	-0.245508 	-0.291541 	-0.339509 	-0.387640 	-0.433085 	-0.471310 	-0.495857 	-0.498223 	-0.468359 	-0.396271 	-0.275169 	-0.105090 	0.105090 	
-0.039766 	0.039766 	0.105193 	0.155656 	0.192409 	0.217550 	0.233462 	0.242327 	0.245968 	0.245828 	0.243005 	0.238313 	0.232343 	0.225511 	0.218102 	0.210299 	0.202216 	0.193910 	0.185377 	0.176635 	0.167615 	0.158243 	0.148433 	0.138079 	0.127067 	0.115271 	0.102559 	0.088787 	0.073799 	0.057421 	0.039467 	0.019733 	-0.002037 	-0.026025 	-0.052391 	-0.081385 	-0.113271 	-0.148274 	-0.186706 	-0.228914 	-0.274480 	-0.323099 	-0.373414 	-0.422991 	-0.467455 	-0.500135 	-0.511663 	-0.490169 	-0.422747 	-0.299030 	-0.116314 	0.116314 	
-0.043609 	0.043609 	0.113870 	0.166143 	0.202480 	0.225845 	0.239331 	0.245596 	0.246746 	0.244366 	0.239613 	0.233308 	0.226023 	0.218148 	0.209939 	0.201545 	0.193050 	0.184524 	0.175961 	0.167319 	0.158523 	0.149492 	0.140137 	0.130352 	0.120024 	0.109033 	0.097249 	0.084534 	0.070737 	0.055697 	0.039233 	0.021147 	0.001190 	-0.020846 	-0.045129 	-0.071912 	-0.101480 	-0.134119 	-0.170196 	-0.210117 	-0.254113 	-0.302466 	-0.353893 	-0.406661 	-0.456866 	-0.497871 	-0.519651 	-0.508528 	-0.448295 	-0.323992 	-0.128757 	0.128757 	
-0.048679 	0.048679 	0.124711 	0.178570 	0.213689 	0.234328 	0.244519 	0.247487 	0.245632 	0.240660 	0.233756 	0.225712 	0.217058 	0.208136 	0.199146 	0.190202 	0.181431 	0.172813 	0.164304 	0.155845 	0.147355 	0.138745 	0.129921 	0.120778 	0.111206 	0.101087 	0.090299 	0.078710 	0.066179 	0.052553 	0.037665 	0.021325 	0.003315 	-0.016590 	-0.038576 	-0.062877 	-0.089784 	-0.119643 	-0.152888 	-0.190024 	-0.231491 	-0.277761 	-0.328806 	-0.383667 	-0.438682 	-0.487791 	-0.520678 	-0.522016 	-0.472004 	-0.349908 	-0.142715 	0.142715 	
-0.055519 	0.055519 	0.138347 	0.193222 	0.225905 	0.242555 	0.248400 	0.247300 	0.241923 	0.234048 	0.224833 	0.214994 	0.204983 	0.195062 	0.185402 	0.176126 	0.167223 	0.158639 	0.150306 	0.142146 	0.134068 	0.125978 	0.117777 	0.109361 	0.100624 	0.091453 	0.081735 	0.071345 	0.060154 	0.048022 	0.034795 	0.020301 	0.004346 	-0.013287 	-0.032789 	-0.054374 	-0.078332 	-0.105030 	-0.134939 	-0.168645 	-0.206799 	-0.250127 	-0.299066 	-0.353551 	-0.412061 	-0.468537 	-0.512951 	-0.528783 	-0.492541 	-0.376468 	-0.158636 	0.158636 	
-0.064950 	0.064950 	0.155490 	0.210184 	0.238619 	0.249653 	0.249943 	0.243987 	0.234637 	0.223652 	0.212089 	0.200511 	0.189248 	0.178566 	0.168537 	0.159135 	0.150291 	0.141918 	0.133924 	0.126211 	0.118680 	0.111230 	0.103761 	0.096172 	0.088361 	0.080224 	0.071655 	0.062541 	0.052766 	0.042204 	0.030719 	0.018158 	0.004354 	-0.010889 	-0.027748 	-0.046418 	-0.067178 	-0.090392 	-0.116544 	-0.146261 	-0.180323 	-0.219669 	-0.265227 	-0.317638 	-0.376471 	-0.438642 	-0.494367 	-0.526410 	-0.507940 	-0.403012 	-0.177174 	0.177174 	
-0.078229 	0.078229 	0.176796 	0.229058 	0.250650 	0.254075 	0.247531 	0.236041 	0.222456 	0.208371 	0.194601 	0.181507 	0.169462 	0.158439 	0.148360 	0.139118 	0.130594 	0.122667 	0.115219 	0.108137 	0.101315 	0.094649 	0.088041 	0.081394 	0.074612 	0.067602 	0.060265 	0.052506 	0.044220 	0.035300 	0.025627 	0.015074 	0.003497 	-0.009263 	-0.023357 	-0.038961 	-0.056330 	-0.075808 	-0.097861 	-0.123121 	-0.152424 	-0.186848 	-0.227667 	-0.276181 	-0.333132 	-0.397259 	-0.462535 	-0.511772 	-0.515264 	-0.428195 	-0.199238 	0.199238 	
-0.097273 	0.097273 	0.202512 	0.248417 	0.259642 	0.253247 	0.238761 	0.221413 	0.203712 	0.186843 	0.171417 	0.157630 	0.145400 	0.134529 	0.124837 	0.116141 	0.108275 	0.101086 	0.094437 	0.088207 	0.082285 	0.076569 	0.070965 	0.065383 	0.059739 	0.053948 	0.047927 	0.041593 	0.034861 	0.027639 	0.019834 	0.011340 	0.002039 	-0.008182 	-0.019438 	-0.031889 	-0.045756 	-0.061342 	-0.079071 	-0.099534 	-0.123553 	-0.152249 	-0.187096 	-0.229875 	-0.282351 	-0.345216 	-0.415493 	-0.480988 	-0.510166 	-0.449369 	-0.225930 	0.225930 	
-0.124880 	0.124880 	0.231575 	0.264778 	0.261321 	0.243159 	0.220312 	0.197437 	0.176400 	0.158048 	0.142237 	0.128681 	0.117049 	0.107008 	0.098277 	0.090612 	0.083811 	0.077703 	0.072143 	0.067008 	0.062190 	0.057596 	0.053140 	0.048744 	0.044335 	0.039844 	0.035204 	0.030348 	0.025209 	0.019716 	0.013796 	0.007372 	0.000353 	-0.007327 	-0.015747 	-0.025049 	-0.035410 	-0.047081 	-0.060414 	-0.075918 	-0.094330 	-0.116707 	-0.144547 	-0.179877 	-0.225197 	-0.282905 	-0.353365 	-0.429679 	-0.486443 	-0.461456 	-0.257990 	0.257990 	
-0.164036 	0.164036 	0.259319 	0.270886 	0.248747 	0.218087 	0.187772 	0.161583 	0.139749 	0.121857 	0.107188 	0.095124 	0.085125 	0.076748 	0.069651 	0.063561 	0.058265 	0.053593 	0.049407 	0.045597 	0.042067 	0.038739 	0.035543 	0.032417 	0.029305 	0.026156 	0.022918 	0.019543 	0.015984 	0.012191 	0.008113 	0.003698 	-0.001103 	-0.006319 	-0.012019 	-0.018307 	-0.025314 	-0.033221 	-0.042293 	-0.052919 	-0.065687 	-0.081482 	-0.101638 	-0.128130 	-0.163760 	-0.212098 	-0.276497 	-0.356191 	-0.435474 	-0.455135 	-0.294246 	0.294246 	
-0.216570 	0.216570 	0.273639 	0.253284 	0.210993 	0.171368 	0.138996 	0.113865 	0.094515 	0.079637 	0.068084 	0.059005 	0.051769 	0.045909 	0.041087 	0.037053 	0.033620 	0.030648 	0.028029 	0.025677 	0.023525 	0.021516 	0.019602 	0.017743 	0.015902 	0.014046 	0.012144 	0.010167 	0.008085 	0.005869 	0.003490 	0.000916 	-0.001854 	-0.004835 	-0.008089 	-0.011678 	-0.015679 	-0.020204 	-0.025416 	-0.031567 	-0.039047 	-0.048474 	-0.060840 	-0.077738 	-0.101703 	-0.136596 	-0.187670 	-0.259763 	-0.349504 	-0.415412 	-0.329421 	0.329421 	
-0.273548 	0.273548 	0.246842 	0.187617 	0.135552 	0.098303 	0.072644 	0.055102 	0.042955 	0.034409 	0.028259 	0.023728 	0.020306 	0.017656 	0.015554 	0.013847 	0.012428 	0.011223 	0.010175 	0.009244 	0.008399 	0.007613 	0.006866 	0.006141 	0.005422 	0.004695 	0.003949 	0.003170 	0.002348 	0.001471 	0.000527 	-0.000488 	-0.001562 	-0.002707 	-0.003960 	-0.005344 	-0.006889 	-0.008641 	-0.010665 	-0.013070 	-0.016031 	-0.019840 	-0.025005 	-0.032431 	-0.043764 	-0.062005 	-0.092413 	-0.143109 	-0.222242 	-0.316927 	-0.332453 	0.332453 	
-0.153400 	0.153400 	0.114542 	0.076442 	0.048816 	0.031064 	0.020089 	0.013376 	0.009246 	0.006671 	0.005028 	0.003948 	0.003212 	0.002690 	0.002304 	0.002008 	0.001772 	0.001577 	0.001410 	0.001263 	0.001130 	0.001005 	0.000886 	0.000769 	0.000651 	0.000530 	0.000405 	0.000272 	0.000130 	-0.000022 	-0.000188 	-0.000362 	-0.000540 	-0.000730 	-0.000938 	-0.001170 	-0.001428 	-0.001722 	-0.002061 	-0.002465 	-0.002969 	-0.003633 	-0.004577 	-0.006042 	-0.008533 	-0.013130 	-0.022087 	-0.039818 	-0.073348 	-0.125913 	-0.162405 	0.162405 	
0.000000 	-0.153400 	-0.114542 	-0.076442 	-0.048816 	-0.031064 	-0.020089 	-0.013376 	-0.009246 	-0.006671 	-0.005028 	-0.003948 	-0.003212 	-0.002690 	-0.002304 	-0.002008 	-0.001772 	-0.001577 	-0.001410 	-0.001263 	-0.001130 	-0.001005 	-0.000886 	-0.000769 	-0.000651 	-0.000530 	-0.000405 	-0.000272 	-0.000130 	0.000022 	0.000188 	0.000362 	0.000540 	0.000730 	0.000938 	0.001170 	0.001428 	0.001722 	0.002061 	0.002465 	0.002969 	0.003633 	0.004577 	0.006042 	0.008533 	0.013130 	0.022087 	0.039818 	0.073348 	0.125913 	0.162405 	0.000000 	

 ########## Data for k = 2 ############ 
0.000000 	0.009477 	0.009411 	0.009201 	0.008901 	0.008551 	0.008186 	0.007833 	0.007508 	0.007226 	0.006994 	0.006819 	0.006704 	0.006653 	0.006667 	0.006750 	0.006904 	0.007131 	0.007433 	0.007812 	0.008269 	0.008804 	0.009416 	0.010102 	0.010858 	0.011677 	0.012549 	0.013464 	0.014407 	0.015358 	0.016301 	0.017215 	0.018081 	0.018877 	0.019583 	0.020182 	0.020658 	0.020999 	0.021198 	0.021254 	0.021169 	0.020956 	0.020629 	0.020213 	0.019734 	0.019228 	0.018732 	0.018288 	0.017942 	0.017733 	0.017712 	0.000000 	
0.009477 	0.009477 	0.009411 	0.009201 	0.008901 	0.008551 	0.008186 	0.007833 	0.007508 	0.007226 	0.006994 	0.006819 	0.006704 	0.006653 	0.006667 	0.006750 	0.006904 	0.007131 	0.007433 	0.007812 	0.008269 	0.008804 	0.009416 	0.010102 	0.010858 	0.011677 	0.012549 	0.013464 	0.014407 	0.015358 	0.016301 	0.017215 	0.018081 	0.018877 	0.019583 	0.020182 	0.020658 	0.020999 	0.021198 	0.021254 	0.021169 	0.020956 	0.020629 	0.020213 	0.019734 	0.019228 	0.018732 	0.018288 	0.017942 	0.017733 	0.017712 	0.017712 	
0.009529 	0.009529 	0.009461 	0.009286 	0.009042 	0.008760 	0.008463 	0.008172 	0.007904 	0.007668 	0.007474 	0.007328 	0.007235 	0.007197 	0.007217 	0.007300 	0.007446 	0.007659 	0.007940 	0.008291 	0.008713 	0.009205 	0.009767 	0.010396 	0.011088 	0.011836 	0.012632 	0.013465 	0.014322 	0.015186 	0.016040 	0.016868 	0.017651 	0.018370 	0.019009 	0.019553 	0.019986 	0.020301 	0.020492 	0.020557 	0.020501 	0.020334 	0.020072 	0.019734 	0.019345 	0.018933 	0.018531 	0.018172 	0.017891 	0.017714 	0.017696 	0.017696 	
0.009715 	0.009715 	0.009603 	0.009423 	0.009189 	0.008928 	0.008658 	0.008396 	0.008155 	0.007944 	0.007770 	0.007640 	0.007558 	0.007526 	0.007549 	0.007628 	0.007767 	0.007967 	0.008232 	0.008561 	0.008958 	0.009421 	0.009950 	0.010542 	0.011194 	0.011899 	0.012650 	0.013438 	0.014248 	0.015065 	0.015873 	0.016656 	0.017397 	0.018078 	0.018684 	0.019200 	0.019614 	0.019916 	0.020101 	0.020170 	0.020126 	0.019978 	0.019742 	0.019436 	0.019083 	0.018709 	0.018341 	0.018009 	0.017743 	0.017565 	0.017521 	0.017521 	
0.009994 	0.009994 	0.009811 	0.009610 	0.009371 	0.009119 	0.008867 	0.008626 	0.008407 	0.008217 	0.008061 	0.007944 	0.007870 	0.007843 	0.007864 	0.007938 	0.008066 	0.008252 	0.008497 	0.008803 	0.009172 	0.009603 	0.010097 	0.010652 	0.011263 	0.011927 	0.012635 	0.013380 	0.014147 	0.014921 	0.015689 	0.016433 	0.017139 	0.017790 	0.018370 	0.018864 	0.019262 	0.019555 	0.019737 	0.019808 	0.019773 	0.019641 	0.019424 	0.019141 	0.018812 	0.018460 	0.018111 	0.017790 	0.017520 	0.017325 	0.017222 	0.017222 	
0.010331 	0.010331 	0.010059 	0.009823 	0.009564 	0.009308 	0.009060 	0.008830 	0.008623 	0.008445 	0.008300 	0.008191 	0.008122 	0.008095 	0.008112 	0.008178 	0.008293 	0.008462 	0.008686 	0.008968 	0.009309 	0.009710 	0.010172 	0.010692 	0.011269 	0.011897 	0.012571 	0.013282 	0.014017 	0.014761 	0.015500 	0.016220 	0.016904 	0.017537 	0.018102 	0.018586 	0.018977 	0.019266 	0.019447 	0.019521 	0.019491 	0.019365 	0.019156 	0.018881 	0.018559 	0.018212 	0.017861 	0.017530 	0.017237 	0.017007 	0.016828 	0.016828 	
0.010694 	0.010694 	0.010326 	0.010047 	0.009758 	0.009488 	0.009236 	0.009008 	0.008806 	0.008635 	0.008495 	0.008389 	0.008320 	0.008290 	0.008300 	0.008353 	0.008453 	0.008603 	0.008804 	0.009060 	0.009373 	0.009744 	0.010174 	0.010663 	0.011207 	0.011805 	0.012449 	0.013133 	0.013844 	0.014566 	0.015287 	0.015993 	0.016666 	0.017291 	0.017852 	0.018334 	0.018725 	0.019016 	0.019201 	0.019279 	0.019252 	0.019129 	0.018921 	0.018645 	0.018318 	0.017960 	0.017593 	0.017236 	0.016906 	0.016630 	0.016363 	0.016363 	
0.011056 	0.011056 	0.010590 	0.010262 	0.009937 	0.009646 	0.009383 	0.009150 	0.008948 	0.008777 	0.008638 	0.008530 	0.008457 	0.008418 	0.008417 	0.008456 	0.008537 	0.008665 	0.008841 	0.009070 	0.009353 	0.009694 	0.010094 	0.010552 	0.011067 	0.011638 	0.012258 	0.012921 	0.013615 	0.014324 	0.015036 	0.015737 	0.016410 	0.017037 	0.017604 	0.018094 	0.018494 	0.018794 	0.018988 	0.019072 	0.019049 	0.018926 	0.018715 	0.018429 	0.018087 	0.017708 	0.017312 	0.016918 	0.016539 	0.016207 	0.015847 	0.015847 	
0.011393 	0.011393 	0.010829 	0.010451 	0.010087 	0.009771 	0.009492 	0.009250 	0.009041 	0.008866 	0.008721 	0.008608 	0.008525 	0.008475 	0.008458 	0.008478 	0.008538 	0.008640 	0.008789 	0.008989 	0.009242 	0.009552 	0.009921 	0.010349 	0.010838 	0.011384 	0.011984 	0.012632 	0.013315 	0.014018 	0.014731 	0.015436 	0.016118 	0.016758 	0.017341 	0.017849 	0.018267 	0.018584 	0.018793 	0.018888 	0.018871 	0.018748 	0.018530 	0.018230 	0.017866 	0.017457 	0.017022 	0.016581 	0.016144 	0.015750 	0.015294 	0.015294 	
0.011685 	0.011685 	0.011026 	0.010598 	0.010193 	0.009849 	0.009551 	0.009295 	0.009076 	0.008892 	0.008738 	0.008613 	0.008517 	0.008451 	0.008415 	0.008412 	0.008446 	0.008520 	0.008639 	0.008807 	0.009028 	0.009306 	0.009644 	0.010044 	0.010506 	0.011031 	0.011614 	0.012250 	0.012928 	0.013633 	0.014353 	0.015071 	0.015772 	0.016436 	0.017045 	0.017581 	0.018027 	0.018371 	0.018602 	0.018714 	0.018708 	0.018588 	0.018362 	0.018045 	0.017654 	0.017208 	0.016727 	0.016230 	0.015728 	0.015268 	0.014714 	0.014714 	
0.011913 	0.011913 	0.011164 	0.010687 	0.010241 	0.009868 	0.009548 	0.009276 	0.009044 	0.008846 	0.008678 	0.008538 	0.008425 	0.008338 	0.008278 	0.008249 	0.008253 	0.008296 	0.008381 	0.008515 	0.008701 	0.008945 	0.009251 	0.009622 	0.010059 	0.010563 	0.011131 	0.011759 	0.012437 	0.013149 	0.013883 	0.014624 	0.015353 	0.016050 	0.016696 	0.017272 	0.017757 	0.018138 	0.018401 	0.018540 	0.018550 	0.018436 	0.018205 	0.017870 	0.017449 	0.016962 	0.016428 	0.015869 	0.015296 	0.014763 	0.014110 	0.014110 	
0.012062 	0.012062 	0.011227 	0.010703 	0.010218 	0.009816 	0.009473 	0.009182 	0.008933 	0.008718 	0.008533 	0.008374 	0.008238 	0.008126 	0.008039 	0.007979 	0.007950 	0.007957 	0.008005 	0.008101 	0.008250 	0.008458 	0.008730 	0.009070 	0.009482 	0.009965 	0.010519 	0.011142 	0.011823 	0.012547 	0.013303 	0.014073 	0.014839 	0.015580 	0.016275 	0.016902 	0.017439 	0.017869 	0.018177 	0.018351 	0.018386 	0.018285 	0.018052 	0.017702 	0.017250 	0.016718 	0.016126 	0.015500 	0.014851 	0.014241 	0.013484 	0.013484 	
0.012115 	0.012115 	0.011202 	0.010634 	0.010110 	0.009680 	0.009313 	0.009002 	0.008733 	0.008499 	0.008293 	0.008111 	0.007949 	0.007808 	0.007688 	0.007593 	0.007526 	0.007493 	0.007500 	0.007555 	0.007663 	0.007831 	0.008067 	0.008375 	0.008759 	0.009221 	0.009761 	0.010379 	0.011066 	0.011807 	0.012589 	0.013396 	0.014208 	0.015004 	0.015760 	0.016451 	0.017053 	0.017546 	0.017911 	0.018134 	0.018206 	0.018126 	0.017899 	0.017536 	0.017055 	0.016476 	0.015824 	0.015126 	0.014394 	0.013703 	0.012836 	0.012836 	
0.012060 	0.012060 	0.011075 	0.010466 	0.009906 	0.009448 	0.009058 	0.008724 	0.008435 	0.008179 	0.007948 	0.007739 	0.007547 	0.007372 	0.007216 	0.007081 	0.006972 	0.006895 	0.006856 	0.006865 	0.006928 	0.007053 	0.007249 	0.007521 	0.007875 	0.008314 	0.008839 	0.009452 	0.010146 	0.010906 	0.011719 	0.012570 	0.013437 	0.014297 	0.015126 	0.015895 	0.016578 	0.017150 	0.017588 	0.017874 	0.017997 	0.017950 	0.017738 	0.017369 	0.016861 	0.016237 	0.015522 	0.014748 	0.013928 	0.013149 	0.012165 	0.012165 	
0.011885 	0.011885 	0.010833 	0.010187 	0.009595 	0.009110 	0.008696 	0.008340 	0.008028 	0.007747 	0.007489 	0.007249 	0.007023 	0.006811 	0.006613 	0.006434 	0.006278 	0.006152 	0.006063 	0.006021 	0.006034 	0.006111 	0.006262 	0.006494 	0.006814 	0.007227 	0.007735 	0.008340 	0.009039 	0.009821 	0.010669 	0.011568 	0.012498 	0.013434 	0.014348 	0.015210 	0.015990 	0.016659 	0.017188 	0.017556 	0.017745 	0.017748 	0.017562 	0.017196 	0.016668 	0.016000 	0.015222 	0.014368 	0.013455 	0.012581 	0.011471 	0.011471 	
0.011577 	0.011577 	0.010468 	0.009788 	0.009165 	0.008655 	0.008218 	0.007839 	0.007503 	0.007195 	0.006907 	0.006634 	0.006370 	0.006116 	0.005872 	0.005644 	0.005436 	0.005255 	0.005111 	0.005012 	0.004970 	0.004993 	0.005094 	0.005280 	0.005560 	0.005942 	0.006429 	0.007023 	0.007726 	0.008528 	0.009413 	0.010366 	0.011366 	0.012386 	0.013398 	0.014369 	0.015264 	0.016048 	0.016690 	0.017160 	0.017437 	0.017506 	0.017363 	0.017013 	0.016473 	0.015766 	0.014924 	0.013988 	0.012976 	0.012001 	0.010752 	0.010752 	
0.011128 	0.011128 	0.009967 	0.009258 	0.008608 	0.008075 	0.007615 	0.007213 	0.006851 	0.006515 	0.006194 	0.005884 	0.005579 	0.005278 	0.004985 	0.004703 	0.004437 	0.004197 	0.003991 	0.003830 	0.003725 	0.003688 	0.003731 	0.003865 	0.004100 	0.004444 	0.004904 	0.005482 	0.006185 	0.007005 	0.007927 	0.008936 	0.010011 	0.011126 	0.012248 	0.013343 	0.014371 	0.015293 	0.016070 	0.016667 	0.017055 	0.017214 	0.017133 	0.016815 	0.016274 	0.015535 	0.014633 	0.013612 	0.012495 	0.011410 	0.010009 	0.010009 	
0.010528 	0.010528 	0.009325 	0.008590 	0.007916 	0.007361 	0.006879 	0.006454 	0.006065 	0.005699 	0.005343 	0.004993 	0.004643 	0.004293 	0.003945 	0.003604 	0.003276 	0.002970 	0.002696 	0.002466 	0.002292 	0.002187 	0.002165 	0.002238 	0.002418 	0.002717 	0.003142 	0.003697 	0.004394 	0.005228 	0.006184 	0.007250 	0.008405 	0.009622 	0.010868 	0.012102 	0.013283 	0.014366 	0.015304 	0.016054 	0.016581 	0.016855 	0.016861 	0.016595 	0.016069 	0.015309 	0.014350 	0.013244 	0.012017 	0.010815 	0.009246 	0.009246 	
0.009771 	0.009771 	0.008532 	0.007776 	0.007081 	0.006506 	0.006004 	0.005555 	0.005139 	0.004741 	0.004349 	0.003956 	0.003558 	0.003155 	0.002748 	0.002344 	0.001948 	0.001570 	0.001222 	0.000915 	0.000663 	0.000482 	0.000385 	0.000388 	0.000505 	0.000749 	0.001129 	0.001654 	0.002336 	0.003176 	0.004163 	0.005285 	0.006522 	0.007847 	0.009226 	0.010616 	0.011970 	0.013237 	0.014363 	0.015298 	0.015995 	0.016416 	0.016537 	0.016348 	0.015857 	0.015089 	0.014081 	0.012891 	0.011549 	0.010220 	0.008466 	0.008466 	
0.008850 	0.008850 	0.007584 	0.006811 	0.006099 	0.005506 	0.004984 	0.004512 	0.004068 	0.003637 	0.003206 	0.002769 	0.002320 	0.001860 	0.001391 	0.000918 	0.000449 	-0.000006 	-0.000436 	-0.000827 	-0.001165 	-0.001432 	-0.001613 	-0.001690 	-0.001648 	-0.001470 	-0.001145 	-0.000662 	-0.000005 	0.000832 	0.001842 	0.003016 	0.004335 	0.005773 	0.007294 	0.008853 	0.010400 	0.011876 	0.013221 	0.014373 	0.015275 	0.015878 	0.016149 	0.016067 	0.015636 	0.014878 	0.013832 	0.012560 	0.011099 	0.009635 	0.007678 	0.007678 	
0.007762 	0.007762 	0.006477 	0.005691 	0.004964 	0.004356 	0.003815 	0.003320 	0.002849 	0.002384 	0.001913 	0.001429 	0.000928 	0.000408 	-0.000127 	-0.000672 	-0.001219 	-0.001758 	-0.002277 	-0.002760 	-0.003192 	-0.003555 	-0.003830 	-0.003999 	-0.004044 	-0.003945 	-0.003688 	-0.003258 	-0.002640 	-0.001818 	-0.000794 	0.000424 	0.001822 	0.003374 	0.005044 	0.006786 	0.008544 	0.010255 	0.011848 	0.013252 	0.014398 	0.015225 	0.015684 	0.015746 	0.015405 	0.014680 	0.013610 	0.012263 	0.010680 	0.009073 	0.006892 	0.006892 	
0.006505 	0.006505 	0.005208 	0.004413 	0.003675 	0.003053 	0.002495 	0.001978 	0.001479 	0.000980 	0.000469 	-0.000062 	-0.000618 	-0.001199 	-0.001803 	-0.002424 	-0.003055 	-0.003683 	-0.004296 	-0.004879 	-0.005414 	-0.005883 	-0.006264 	-0.006538 	-0.006682 	-0.006676 	-0.006500 	-0.006137 	-0.005573 	-0.004781 	-0.003757 	-0.002503 	-0.001033 	0.000631 	0.002454 	0.004388 	0.006375 	0.008344 	0.010217 	0.011911 	0.013343 	0.014437 	0.015129 	0.015378 	0.015164 	0.014500 	0.013426 	0.012014 	0.010309 	0.008551 	0.006125 	0.006125 	
0.005077 	0.005077 	0.003776 	0.002975 	0.002229 	0.001596 	0.001022 	0.000485 	-0.000041 	-0.000573 	-0.001124 	-0.001702 	-0.002313 	-0.002958 	-0.003633 	-0.004333 	-0.005050 	-0.005772 	-0.006487 	-0.007176 	-0.007824 	-0.008408 	-0.008906 	-0.009296 	-0.009554 	-0.009655 	-0.009576 	-0.009297 	-0.008800 	-0.008055 	-0.007046 	-0.005772 	-0.004240 	-0.002469 	-0.000493 	0.001640 	0.003870 	0.006120 	0.008303 	0.010325 	0.012088 	0.013498 	0.014474 	0.014957 	0.014914 	0.014348 	0.013294 	0.011829 	0.010004 	0.008088 	0.005396 	0.005396 	
0.003480 	0.003480 	0.002181 	0.001378 	0.000627 	-0.000016 	-0.000603 	-0.001159 	-0.001709 	-0.002272 	-0.002862 	-0.003487 	-0.004153 	-0.004860 	-0.005607 	-0.006388 	-0.007194 	-0.008015 	-0.008835 	-0.009638 	-0.010406 	-0.011115 	-0.011742 	-0.012261 	-0.012646 	-0.012870 	-0.012904 	-0.012724 	-0.012310 	-0.011630 	-0.010657 	-0.009379 	-0.007798 	-0.005930 	-0.003806 	-0.001470 	0.001013 	0.003563 	0.006086 	0.008474 	0.010613 	0.012391 	0.013707 	0.014479 	0.014658 	0.014232 	0.013231 	0.011732 	0.009791 	0.007713 	0.004732 	0.004732 	
0.001717 	0.001717 	0.000424 	-0.000378 	-0.001131 	-0.001780 	-0.002378 	-0.002950 	-0.003522 	-0.004114 	-0.004739 	-0.005409 	-0.006127 	-0.006896 	-0.007714 	-0.008576 	-0.009473 	-0.010393 	-0.011324 	-0.012246 	-0.013140 	-0.013983 	-0.014749 	-0.015410 	-0.015936 	-0.016297 	-0.016461 	-0.016399 	-0.016084 	-0.015488 	-0.014572 	-0.013309 	-0.011697 	-0.009746 	-0.007480 	-0.004945 	-0.002202 	0.000665 	0.003552 	0.006342 	0.008904 	0.011105 	0.012820 	0.013944 	0.014402 	0.014167 	0.013257 	0.011750 	0.009703 	0.007459 	0.004167 	0.004167 	
-0.000209 	-0.000209 	-0.001491 	-0.002290 	-0.003043 	-0.003695 	-0.004300 	-0.004885 	-0.005475 	-0.006091 	-0.006748 	-0.007456 	-0.008223 	-0.009051 	-0.009937 	-0.010878 	-0.011865 	-0.012887 	-0.013930 	-0.014975 	-0.016002 	-0.016986 	-0.017899 	-0.018712 	-0.019393 	-0.019906 	-0.020217 	-0.020290 	-0.020093 	-0.019601 	-0.018760 	-0.017536 	-0.015913 	-0.013896 	-0.011503 	-0.008773 	-0.005769 	-0.002576 	0.000699 	0.003924 	0.006954 	0.009634 	0.011812 	0.013353 	0.014158 	0.014173 	0.013400 	0.011916 	0.009778 	0.007368 	0.003744 	0.003744 	
-0.002293 	-0.002293 	-0.003561 	-0.004355 	-0.005105 	-0.005758 	-0.006366 	-0.006958 	-0.007560 	-0.008194 	-0.008876 	-0.009618 	-0.010427 	-0.011307 	-0.012257 	-0.013273 	-0.014348 	-0.015470 	-0.016625 	-0.017795 	-0.018958 	-0.020088 	-0.021157 	-0.022132 	-0.022978 	-0.023657 	-0.024129 	-0.024355 	-0.024296 	-0.023922 	-0.023177 	-0.022017 	-0.020407 	-0.018345 	-0.015842 	-0.012931 	-0.009671 	-0.006145 	-0.002466 	0.001225 	0.004765 	0.007979 	0.010685 	0.012717 	0.013940 	0.014273 	0.013695 	0.012273 	0.010064 	0.007491 	0.003512 	0.003512 	
-0.004528 	-0.004528 	-0.005782 	-0.006570 	-0.007316 	-0.007965 	-0.008572 	-0.009164 	-0.009770 	-0.010412 	-0.011110 	-0.011876 	-0.012719 	-0.013643 	-0.014650 	-0.015735 	-0.016892 	-0.018111 	-0.019376 	-0.020670 	-0.021970 	-0.023250 	-0.024479 	-0.025623 	-0.026644 	-0.027500 	-0.028148 	-0.028542 	-0.028637 	-0.028394 	-0.027767 	-0.026698 	-0.025126 	-0.023043 	-0.020452 	-0.017376 	-0.013869 	-0.010012 	-0.005920 	-0.001739 	0.002351 	0.006152 	0.009453 	0.012051 	0.013774 	0.014500 	0.014182 	0.012871 	0.010618 	0.007891 	0.003538 	0.003538 	
-0.006908 	-0.006908 	-0.008151 	-0.008933 	-0.009672 	-0.010313 	-0.010911 	-0.011494 	-0.012094 	-0.012735 	-0.013436 	-0.014214 	-0.015078 	-0.016036 	-0.017088 	-0.018233 	-0.019465 	-0.020773 	-0.022144 	-0.023559 	-0.024995 	-0.026426 	-0.027818 	-0.029135 	-0.030338 	-0.031380 	-0.032214 	-0.032789 	-0.033055 	-0.032958 	-0.032469 	-0.031511 	-0.030003 	-0.027925 	-0.025269 	-0.022050 	-0.018312 	-0.014131 	-0.009620 	-0.004933 	-0.000260 	0.004179 	0.008141 	0.011384 	0.013691 	0.014897 	0.014915 	0.013774 	0.011513 	0.008643 	0.003896 	0.003896 	
-0.009426 	-0.009426 	-0.010663 	-0.011441 	-0.012171 	-0.012799 	-0.013380 	-0.013943 	-0.014523 	-0.015146 	-0.015836 	-0.016609 	-0.017480 	-0.018456 	-0.019541 	-0.020734 	-0.022030 	-0.023419 	-0.024888 	-0.026418 	-0.027986 	-0.029564 	-0.031118 	-0.032611 	-0.033999 	-0.035233 	-0.036261 	-0.037028 	-0.037476 	-0.037542 	-0.037206 	-0.036377 	-0.034957 	-0.032909 	-0.030215 	-0.026876 	-0.022927 	-0.018434 	-0.013509 	-0.008304 	-0.003021 	0.002101 	0.006788 	0.010756 	0.013738 	0.015518 	0.015958 	0.015057 	0.012832 	0.009838 	0.004682 	0.004682 	
-0.012077 	-0.012077 	-0.013319 	-0.014095 	-0.014815 	-0.015422 	-0.015974 	-0.016503 	-0.017045 	-0.017632 	-0.018289 	-0.019039 	-0.019898 	-0.020874 	-0.021975 	-0.023200 	-0.024546 	-0.026004 	-0.027561 	-0.029197 	-0.030890 	-0.032610 	-0.034324 	-0.035990 	-0.037563 	-0.038991 	-0.040218 	-0.041184 	-0.041825 	-0.042071 	-0.041892 	-0.041199 	-0.039893 	-0.037900 	-0.035192 	-0.031760 	-0.027622 	-0.022837 	-0.017505 	-0.011779 	-0.005865 	-0.000022 	0.005450 	0.010223 	0.013976 	0.016430 	0.017391 	0.016811 	0.014677 	0.011587 	0.006005 	0.006005 	
-0.014856 	-0.014856 	-0.016118 	-0.016896 	-0.017604 	-0.018182 	-0.018691 	-0.019166 	-0.019648 	-0.020175 	-0.020777 	-0.021479 	-0.022301 	-0.023256 	-0.024353 	-0.025592 	-0.026972 	-0.028484 	-0.030115 	-0.031847 	-0.033655 	-0.035509 	-0.037375 	-0.039209 	-0.040963 	-0.042584 	-0.044010 	-0.045177 	-0.046016 	-0.046454 	-0.046424 	-0.045875 	-0.044706 	-0.042789 	-0.040094 	-0.036592 	-0.032291 	-0.027233 	-0.021509 	-0.015265 	-0.008708 	-0.002108 	0.004204 	0.009861 	0.014482 	0.017720 	0.019310 	0.019145 	0.017171 	0.014019 	0.008001 	0.008001 	
-0.017763 	-0.017763 	-0.019067 	-0.019852 	-0.020545 	-0.021083 	-0.021529 	-0.021926 	-0.022321 	-0.022758 	-0.023274 	-0.023900 	-0.024659 	-0.025567 	-0.026636 	-0.027869 	-0.029263 	-0.030812 	-0.032503 	-0.034316 	-0.036227 	-0.038204 	-0.040212 	-0.042205 	-0.044134 	-0.045941 	-0.047562 	-0.048927 	-0.049961 	-0.050587 	-0.050715 	-0.050323 	-0.049294 	-0.047468 	-0.044802 	-0.041254 	-0.036811 	-0.031502 	-0.025403 	-0.018646 	-0.011439 	-0.004057 	0.003147 	0.009764 	0.015353 	0.019492 	0.021831 	0.022193 	0.020460 	0.017291 	0.010828 	0.010828 	
-0.020801 	-0.020801 	-0.022176 	-0.022975 	-0.023650 	-0.024131 	-0.024491 	-0.024778 	-0.025052 	-0.025364 	-0.025758 	-0.026273 	-0.026937 	-0.027770 	-0.028785 	-0.029987 	-0.031375 	-0.032942 	-0.034675 	-0.036554 	-0.038554 	-0.040642 	-0.042779 	-0.044920 	-0.047012 	-0.048995 	-0.050802 	-0.052358 	-0.053583 	-0.054391 	-0.054681 	-0.054441 	-0.053547 	-0.051821 	-0.049196 	-0.045615 	-0.041050 	-0.035509 	-0.029050 	-0.021792 	-0.013930 	-0.005743 	0.002399 	0.010050 	0.016710 	0.021874 	0.025097 	0.026110 	0.024715 	0.021587 	0.014674 	0.014674 	
-0.023980 	-0.023980 	-0.025465 	-0.026287 	-0.026937 	-0.027340 	-0.027580 	-0.027720 	-0.027829 	-0.027971 	-0.028203 	-0.028567 	-0.029100 	-0.029825 	-0.030757 	-0.031903 	-0.033263 	-0.034829 	-0.036586 	-0.038515 	-0.040587 	-0.042770 	-0.045023 	-0.047298 	-0.049541 	-0.051687 	-0.053666 	-0.055400 	-0.056804 	-0.057786 	-0.058237 	-0.058136 	-0.057360 	-0.055733 	-0.053152 	-0.049548 	-0.044870 	-0.039112 	-0.032306 	-0.024553 	-0.016035 	-0.007024 	0.002100 	0.010860 	0.018696 	0.025018 	0.029274 	0.031083 	0.030145 	0.027131 	0.019766 	0.019766 	
-0.027321 	-0.027321 	-0.028969 	-0.029821 	-0.030435 	-0.030729 	-0.030807 	-0.030748 	-0.030639 	-0.030561 	-0.030580 	-0.030750 	-0.031111 	-0.031693 	-0.032513 	-0.033577 	-0.034885 	-0.036429 	-0.038192 	-0.040153 	-0.042283 	-0.044546 	-0.046899 	-0.049293 	-0.051669 	-0.053962 	-0.056097 	-0.057993 	-0.059561 	-0.060704 	-0.061318 	-0.061309 	-0.060616 	-0.059094 	-0.056554 	-0.052924 	-0.048135 	-0.042164 	-0.035019 	-0.026773 	-0.017596 	-0.007739 	0.002411 	0.012356 	0.021480 	0.029106 	0.034561 	0.037334 	0.036993 	0.034185 	0.026372 	0.026372 	
-0.030859 	-0.030859 	-0.032737 	-0.033626 	-0.034185 	-0.034327 	-0.034185 	-0.033863 	-0.033472 	-0.033110 	-0.032860 	-0.032785 	-0.032933 	-0.033335 	-0.034010 	-0.034966 	-0.036200 	-0.037703 	-0.039455 	-0.041433 	-0.043606 	-0.045932 	-0.048371 	-0.050867 	-0.053360 	-0.055781 	-0.058052 	-0.060087 	-0.061797 	-0.063074 	-0.063814 	-0.063890 	-0.063278 	-0.061823 	-0.059302 	-0.055632 	-0.050718 	-0.044528 	-0.037038 	-0.028294 	-0.018446 	-0.007717 	0.003507 	0.014719 	0.025252 	0.034342 	0.041187 	0.045124 	0.045553 	0.043069 	0.034813 	0.034813 	
-0.034651 	-0.034651 	-0.036847 	-0.037774 	-0.038246 	-0.038174 	-0.037735 	-0.037068 	-0.036314 	-0.035595 	-0.035011 	-0.034636 	-0.034524 	-0.034709 	-0.035210 	-0.036033 	-0.037172 	-0.038617 	-0.040341 	-0.042322 	-0.044520 	-0.046892 	-0.049399 	-0.051981 	-0.054573 	-0.057102 	-0.059488 	-0.061641 	-0.063464 	-0.064851 	-0.065691 	-0.065843 	-0.065288 	-0.063871 	-0.061346 	-0.057604 	-0.052514 	-0.046082 	-0.038230 	-0.028961 	-0.018422 	-0.006784 	0.005570 	0.018142 	0.030222 	0.040961 	0.049420 	0.054758 	0.056172 	0.054166 	0.045480 	0.045480 	
-0.038789 	-0.038789 	-0.041415 	-0.042370 	-0.042700 	-0.042323 	-0.041483 	-0.040365 	-0.039150 	-0.037988 	-0.036998 	-0.036264 	-0.035845 	-0.035776 	-0.036075 	-0.036743 	-0.037769 	-0.039141 	-0.040820 	-0.042794 	-0.045018 	-0.047436 	-0.050000 	-0.052655 	-0.055329 	-0.057948 	-0.060425 	-0.062668 	-0.064572 	-0.066030 	-0.066927 	-0.067110 	-0.066552 	-0.065097 	-0.062502 	-0.058643 	-0.053430 	-0.046765 	-0.038526 	-0.028660 	-0.017390 	-0.004779 	0.008776 	0.022821 	0.036608 	0.049215 	0.059560 	0.066595 	0.069269 	0.067946 	0.058854 	0.058854 	
-0.043419 	-0.043419 	-0.046611 	-0.047561 	-0.047658 	-0.046845 	-0.045462 	-0.043757 	-0.041961 	-0.040256 	-0.038779 	-0.037624 	-0.036853 	-0.036497 	-0.036569 	-0.037063 	-0.037961 	-0.039257 	-0.040904 	-0.042860 	-0.045101 	-0.047566 	-0.050190 	-0.052912 	-0.055659 	-0.058351 	-0.060899 	-0.063205 	-0.065160 	-0.066650 	-0.067552 	-0.067712 	-0.067076 	-0.065499 	-0.062755 	-0.058717 	-0.053295 	-0.046287 	-0.037598 	-0.027268 	-0.015280 	-0.001589 	0.013265 	0.028932 	0.044623 	0.059368 	0.071936 	0.081050 	0.085347 	0.084992 	0.075540 	0.075540 	
-0.048769 	-0.048769 	-0.052692 	-0.053556 	-0.053268 	-0.051827 	-0.049708 	-0.047242 	-0.044719 	-0.042357 	-0.040308 	-0.038670 	-0.037502 	-0.036830 	-0.036658 	-0.036970 	-0.037750 	-0.038957 	-0.040568 	-0.042524 	-0.044781 	-0.047279 	-0.049951 	-0.052730 	-0.055539 	-0.058292 	-0.060896 	-0.063247 	-0.065232 	-0.066731 	-0.067614 	-0.067735 	-0.066969 	-0.065203 	-0.062250 	-0.057918 	-0.052090 	-0.044623 	-0.035427 	-0.024518 	-0.011649 	0.002948 	0.019116 	0.036599 	0.054448 	0.071669 	0.086897 	0.098594 	0.105016 	0.106036 	0.096326 	0.096326 	
-0.055209 	-0.055209 	-0.060036 	-0.060652 	-0.059728 	-0.057376 	-0.054256 	-0.050807 	-0.047384 	-0.044234 	-0.041524 	-0.039344 	-0.037743 	-0.036735 	-0.036320 	-0.036453 	-0.037101 	-0.038241 	-0.039815 	-0.041767 	-0.044042 	-0.046573 	-0.049292 	-0.052124 	-0.054985 	-0.057788 	-0.060431 	-0.062808 	-0.064800 	-0.066280 	-0.067111 	-0.067144 	-0.066224 	-0.064237 	-0.061008 	-0.056327 	-0.050054 	-0.042038 	-0.032162 	-0.020373 	-0.006565 	0.009091 	0.026744 	0.045925 	0.066198 	0.086319 	0.104781 	0.119749 	0.129015 	0.132016 	0.122273 	0.122273 	
-0.063346 	-0.063346 	-0.069211 	-0.069261 	-0.067288 	-0.063608 	-0.059128 	-0.054414 	-0.049885 	-0.045809 	-0.042351 	-0.039578 	-0.037520 	-0.036183 	-0.035509 	-0.035467 	-0.036011 	-0.037089 	-0.038638 	-0.040595 	-0.042893 	-0.045462 	-0.048227 	-0.051107 	-0.054015 	-0.056856 	-0.059526 	-0.061912 	-0.063890 	-0.065326 	-0.066076 	-0.065986 	-0.064883 	-0.062637 	-0.059073 	-0.053986 	-0.047211 	-0.038584 	-0.027962 	-0.015236 	-0.000299 	0.016813 	0.036073 	0.057267 	0.080004 	0.103421 	0.125863 	0.145058 	0.158230 	0.164154 	0.154873 	0.154873 	
-0.074207 	-0.074207 	-0.081067 	-0.079951 	-0.076247 	-0.070628 	-0.064301 	-0.057976 	-0.052109 	-0.046963 	-0.042685 	-0.039286 	-0.036781 	-0.035093 	-0.034188 	-0.034000 	-0.034460 	-0.035498 	-0.037041 	-0.039015 	-0.041347 	-0.043960 	-0.046774 	-0.049701 	-0.052650 	-0.055522 	-0.058207 	-0.060587 	-0.062533 	-0.063905 	-0.064551 	-0.064309 	-0.062998 	-0.060459 	-0.056522 	-0.050991 	-0.043676 	-0.034394 	-0.022968 	-0.009246 	0.006913 	0.025577 	0.046775 	0.070376 	0.095991 	0.123084 	0.150286 	0.175021 	0.193700 	0.204051 	0.196316 	0.196316 	
-0.089584 	-0.089584 	-0.096872 	-0.093482 	-0.086925 	-0.078478 	-0.069662 	-0.061310 	-0.053857 	-0.047507 	-0.042389 	-0.038378 	-0.035386 	-0.033410 	-0.032319 	-0.032025 	-0.032435 	-0.033463 	-0.035025 	-0.037038 	-0.039420 	-0.042088 	-0.044955 	-0.047932 	-0.050921 	-0.053818 	-0.056510 	-0.058874 	-0.060775 	-0.062068 	-0.062595 	-0.062184 	-0.060647 	-0.057797 	-0.053470 	-0.047480 	-0.039617 	-0.029669 	-0.017427 	-0.002689 	0.014741 	0.035026 	0.058298 	0.084583 	0.113714 	0.145197 	0.177991 	0.209938 	0.236556 	0.253801 	0.249915 	0.249915 	
-0.112681 	-0.112681 	-0.118478 	-0.110786 	-0.099550 	-0.087015 	-0.074890 	-0.064056 	-0.054802 	-0.047248 	-0.041216 	-0.036606 	-0.033259 	-0.031055 	-0.029844 	-0.029501 	-0.029912 	-0.030975 	-0.032591 	-0.034671 	-0.037124 	-0.039863 	-0.042795 	-0.045828 	-0.048859 	-0.051781 	-0.054478 	-0.056822 	-0.058675 	-0.059885 	-0.060288 	-0.059706 	-0.057939 	-0.054783 	-0.050082 	-0.043658 	-0.035276 	-0.024699 	-0.011682 	0.004030 	0.022702 	0.044603 	0.070004 	0.099140 	0.132140 	0.168876 	0.208640 	0.249617 	0.287806 	0.316041 	0.320793 	0.320793 	
-0.149399 	-0.149399 	-0.148477 	-0.132840 	-0.114011 	-0.095681 	-0.079280 	-0.065672 	-0.054561 	-0.045670 	-0.038880 	-0.033812 	-0.030226 	-0.027913 	-0.026683 	-0.026379 	-0.026864 	-0.028019 	-0.029738 	-0.031922 	-0.034476 	-0.037307 	-0.040322 	-0.043422 	-0.046506 	-0.049461 	-0.052170 	-0.054501 	-0.056313 	-0.057451 	-0.057744 	-0.057014 	-0.055033 	-0.051602 	-0.046590 	-0.039801 	-0.030983 	-0.019873 	-0.006191 	0.010372 	0.030156 	0.053548 	0.080987 	0.112969 	0.150017 	0.192569 	0.240722 	0.293388 	0.347677 	0.393846 	0.417077 	0.417077 	
-0.211166 	-0.211166 	-0.190320 	-0.160038 	-0.129070 	-0.103062 	-0.081875 	-0.064995 	-0.052113 	-0.042258 	-0.034947 	-0.029668 	-0.026054 	-0.023816 	-0.022718 	-0.022574 	-0.023230 	-0.024556 	-0.026440 	-0.028777 	-0.031471 	-0.034428 	-0.037552 	-0.040744 	-0.043901 	-0.046911 	-0.049653 	-0.051995 	-0.053794 	-0.054892 	-0.055117 	-0.054289 	-0.052147 	-0.048522 	-0.043313 	-0.036284 	-0.027173 	-0.015697 	-0.001543 	0.015644 	0.036280 	0.060866 	0.090028 	0.124556 	0.165455 	0.213948 	0.271412 	0.338509 	0.414858 	0.489761 	0.551106 	0.551106 	
-0.317074 	-0.317074 	-0.246119 	-0.190484 	-0.142363 	-0.106332 	-0.079891 	-0.060440 	-0.046322 	-0.036078 	-0.028782 	-0.023732 	-0.020440 	-0.018549 	-0.017796 	-0.017978 	-0.018934 	-0.020533 	-0.022662 	-0.025218 	-0.028106 	-0.031235 	-0.034509 	-0.037832 	-0.041100 	-0.044203 	-0.047021 	-0.049421 	-0.051260 	-0.052380 	-0.052606 	-0.051748 	-0.049566 	-0.045910 	-0.040657 	-0.033562 	-0.024358 	-0.012749 	0.001599 	0.019079 	0.040166 	0.065462 	0.095763 	0.132157 	0.176179 	0.230010 	0.296809 	0.380131 	0.485578 	0.601561 	0.738993 	0.738993 	
-0.503188 	-0.503188 	-0.313261 	-0.218708 	-0.148822 	-0.103389 	-0.072865 	-0.052058 	-0.037768 	-0.027905 	-0.021185 	-0.016760 	-0.014068 	-0.012727 	-0.012464 	-0.013077 	-0.014412 	-0.016343 	-0.018763 	-0.021576 	-0.024692 	-0.028022 	-0.031476 	-0.034960 	-0.038373 	-0.041608 	-0.044545 	-0.047055 	-0.048995 	-0.050208 	-0.050522 	-0.049725 	-0.047631 	-0.044107 	-0.038974 	-0.031994 	-0.022904 	-0.011405 	0.002849 	0.020268 	0.041365 	0.066808 	0.097517 	0.134819 	0.180724 	0.238362 	0.312879 	0.411781 	0.550389 	0.724327 	1.021568 	1.021568 	
-0.903869 	-0.903869 	-0.390005 	-0.208911 	-0.112577 	-0.063258 	-0.036347 	-0.020906 	-0.011721 	-0.006170 	-0.002914 	-0.001225 	-0.000690 	-0.001060 	-0.002170 	-0.003901 	-0.006160 	-0.008868 	-0.011953 	-0.015345 	-0.018975 	-0.022769 	-0.026651 	-0.030537 	-0.034336 	-0.037946 	-0.041258 	-0.044146 	-0.046474 	-0.048089 	-0.048820 	-0.048485 	-0.046915 	-0.043950 	-0.039408 	-0.033070 	-0.024689 	-0.013985 	-0.000638 	0.015728 	0.035572 	0.059491 	0.088307 	0.123252 	0.166346 	0.221185 	0.294779 	0.400600 	0.570654 	0.836850 	1.469347 	1.469347 	
0.000000 	-0.903869 	-0.390005 	-0.208911 	-0.112577 	-0.063258 	-0.036347 	-0.020906 	-0.011721 	-0.006170 	-0.002914 	-0.001225 	-0.000690 	-0.001060 	-0.002170 	-0.003901 	-0.006160 	-0.008868 	-0.011953 	-0.015345 	-0.018975 	-0.022769 	-0.026651 	-0.030537 	-0.034336 	-0.037946 	-0.041258 	-0.044146 	-0.046474 	-0.048089 	-0.048820 	-0.048485 	-0.046915 	-0.043950 	-0.039408 	-0.033070 	-0.024689 	-0.013985 	-0.000638 	0.015728 	0.035572 	0.059491 	0.088307 	0.123252 	0.166346 	0.221185 	0.294779 	0.400600 	0.570654 	0.836850 	1.469347 	0.000000 	
