190.43992452457743525 189.71587820184993234 188.98839249378093541 188.26117425608271105 187.53622805723398415 186.81360336192324212 186.09498313215664211 185.38574234626113935 184.68547292785154923 183.99245480325208746 183.30673015757434996 182.64565002520933490 182.02884903009652362 181.46567649108357045 180.93876447963268106 180.43232646318847401 179.95310467168152968 179.52954489486489820 179.16896239330074536 178.86870780927424107 
189.84791419420122338 189.08489359448967093 188.31637335910281195 187.54347213716658871 186.76828036315686177 185.99263726114583051 185.21890648855901418 184.45020413891836597 183.68832154443038007 182.93499631339588518 182.19407345336449566 181.47488976143418427 180.78746703856387512 180.13672319055478965 179.51897860566884901 178.93089929194636056 178.37737095133201137 177.87012963976283686 177.41547794498188750 177.01205883196894320 
189.25553528159733219 188.45940862280559713 187.64873521097499065 186.82806057032487956 186.00078399708212373 185.16975883094522715 184.33780142201621288 183.50784617642392504 182.68261279755674309 181.86513545253765756 181.05967758105464327 180.27236852860011140 179.50940617217111139 178.77477062690397247 178.06952746054255954 177.39492114759718788 176.75535020193834157 176.15812476787345986 175.61076091489596251 175.12308837310433773 
188.68534323766274952 187.84847040416136110 186.99109829166761187 186.11925093607680992 185.23703622390246437 184.34781264353779306 183.45469419213776519 182.56076634720540142 181.66914801683614655 180.78325511814438187 179.90713288971741690 179.04550059974164355 178.20301849461753818 177.38342568434850932 176.58943946200125197 175.82390763596254146 175.09098394095164508 174.39625831489777852 173.74635257362510288 173.15047265413886635 
188.14752356857044902 187.25803146451039538 186.34793661545822374 185.42080865841333548 184.48029731891418237 183.52976132716668189 182.57239635579276182 181.61137700342487733 180.64995780443916829 179.69160411348738648 178.74009825993013578 177.79948248603258776 176.87374152220996848 175.96647415387238311 175.08089706715253442 174.22028599330116094 173.38841961100902722 172.58957197714184417 171.82791841056885573 171.10588159877980274 
187.63059204159009141 186.68819526985245716 185.72180804724260383 184.73574976320512064 183.73358306617521407 182.71853899042315561 181.69375290044274607 180.66238750626328624 179.62770208400939964 178.59310527143705372 177.56217355048431727 176.53858956224976851 175.52599095431855858 174.52783234177965710 173.54738865943639325 172.58791965908159227 171.65283653264248187 170.74569157209279524 169.86986749272963948 169.02743260813269899 
187.14336123048957461 186.14234952606770435 185.11535054045563697 184.06679928099029553 182.99974619215947769 181.91705866790906043 180.82168874929286062 179.71671803717725879 178.60535775389925561 177.49094133776827675 176.37690110832150481 175.26671125816477570 174.16380039103597710 173.07147559949245874 171.99290556973289767 170.93116745094738462 169.88931528838764962 168.87049028585821020 167.87842738012523114 166.91994939076994342 
186.69280628586071202 185.62249106347402972 184.53044530752296737 183.41635062814199841 182.28154375356439232 181.12826073976185626 179.95922539164348564 178.77743813925474115 177.58606955664325255 176.38840121741640132 175.18777828686981479 173.98755397105298925 172.79102375216930909 171.60136409542241154 170.42159056905654779 169.25452928658856422 168.10276688410357337 166.96852690282821641 165.85340235114412621 164.75784570473379631 
186.26081502415544833 185.12436313444575831 183.96758899802119913 182.78661417049136162 181.58181745419534536 180.35521514593159509 179.10951393826562139 177.84773957155613289 176.57308111600374900 175.28881568838545491 173.99825685068947223 172.70470258700927957 171.41137655116702376 170.12136646097246739 168.83756332448345461 167.56259224224780269 166.29869605861091486 165.04744809020806429 163.80880941689028418 162.57737432158555180 
185.83290779300523354 184.64655745213326554 183.42893337962570399 182.18069960160798360 180.90389674679502718 179.60126845150463737 178.27587564393238040 176.93092509270158530 175.56969964743132095 174.19552356943339078 172.81173084049456179 171.42162297512879832 170.02841340451820429 168.63516187281814496 167.24470402565819427 165.85958029930932867 164.48197701788529912 163.11375998250383645 161.75701290462447446 160.41703910496940466 
185.43517123978310224 184.20002550145733267 182.92088746674136246 181.60335410952083635 180.25180147987319401 178.87008626936068367 177.46179509325875756 176.03038550788770067 174.57926881158766719 173.11184810142341917 171.63151996672775113 170.14164506849431291 168.64549221895998699 167.14616360012487917 165.64651060602292887 164.14904791144718388 162.65587173111816810 161.16860191729855956 159.68844311413536730 158.21673524271614042 
185.09176631655407164 183.79748584717259519 182.45123687636257159 181.06002788986182850 179.62986879381725203 178.16548005280719735 176.67083295185543079 175.14955303400384423 173.60514198960933641 172.04108005794603287 170.46085585649987593 168.86794511316182366 167.26574680270377371 165.65748970269959273 164.04612688686262345 162.43422900933930464 160.82386007784273829 159.21633284143791798 157.61142239190334635 156.00429896197678659 
184.80070355649201019 183.44691469431737119 182.02654630167540972 180.55565177974773405 179.04216575272778300 177.49113219619650295 175.90650362735297563 174.29185168666407435 172.65066605490093821 170.98647428425266526 169.30287828816500451 167.60353272495052579 165.89206017599477150 164.17192152110814618 162.44627822938977602 160.71788116120575296 158.98900672947652879 157.26144697870807931 155.53661465006427989 153.81609784066768043 
184.61799727479956346 183.16292307193035072 181.65238185627495682 180.09386717472682449 178.49201024115072300 176.85037935189905056 175.17219767469700287 173.46068403039956252 171.71919625907884210 169.95127273599973705 168.16065028695805950 166.35124732248161195 164.52703965521772034 162.69185797634958135 160.84918334838366150 159.00201067661836873 157.15283870015070988 155.30383369385450010 153.45749138897900821 151.61925727453586887 
184.50503717066249010 182.93439846233044932 181.32619087676818026 179.67542482173485041 177.98162868525022873 176.24617729555302503 174.47122368913738910 172.65949050115946761 170.81416221501612540 168.93877011371048980 167.03720280118696451 165.11376662280119376 163.17299314604599658 161.21928738068984899 159.25658651117797149 157.28813949673445904 155.31650370065432298 153.34355770758125459 151.37025993746235031 149.39547950770167972 
184.41697156260170232 182.74344272996168570 181.04255836673331714 179.30001255019510609 177.51290238256328280 175.68147745592642650 173.80702928514111250 171.89189207008575977 169.93919198611675370 167.95244270264015540 165.93562418127913816 163.89362322149125362 161.83187892547624642 159.75571188918689813 157.66973581890493961 155.57745709848813931 153.48147889815192002 151.38363349835475447 149.28451114558842505 147.18035878250009318 
184.30314029831259859 182.57984252818206983 180.80058731000914918 178.96916462974991191 177.08849083888233622 175.15980086044922359 173.18352392541586937 171.16185650792670003 169.09827095672599739 166.99618452945526315 164.85922799979920228 162.69322315640948773 160.50518744518186054 158.30194543167752386 156.08918777676780110 153.87047418016217648 151.64832129511140124 149.42498624209835612 147.20379236403741174 144.99188511495432863 
184.25596659726426196 182.47219977444567007 180.61078371537206522 178.68756781991388038 176.71209548276786450 174.68571122157314335 172.60540904814743612 170.47373907948013994 168.29585080340621062 166.07479645865674911 163.81188013205382958 161.51485395916662924 159.19370226716515049 156.85769461557453042 154.51459567632750236 152.16693055028227377 149.81634586003409026 147.46419781089076650 145.11378695350936141 142.76572412160015801 
184.31069491921050485 182.44220625696502225 180.48277995712038546 178.45822745176644730 176.38661205070300753 174.26553949492895867 172.07866196612150134 169.83183995844117931 167.53659671876295079 165.19527036971260259 162.79864211059381773 160.36061028103898707 157.89707304873854810 155.42053508712882604 152.94456976268637050 150.46630648460620705 147.98593378385280062 145.50167218792205404 143.02143351750990519 140.53760724810197758 
184.47690063492137824 182.50315037708418231 180.41990240437871762 178.27594997932942533 176.11058577334952702 173.91117274131903514 171.61185936296934074 169.23836206940097782 166.82342574349272013 164.37104619083780221 161.82680765957067592 159.23187200565786270 156.61344455962210986 153.98280292151676463 151.37684180268379919 148.76779184160429281 146.15941060284967534 143.53512363943556807 140.93266768050696669 138.33521542883093502 
