190.87903563916884764 190.30156600978551751 189.71829505446052622 189.12914929801223707 188.53508082325362238 187.93898184699838794 187.34614134133232710 186.75955777185527040 186.18044965836625693 185.60477161661151513 185.03628501018047814 184.48069154662789515 183.94542132799699630 183.41888753824852643 182.89362249461359511 182.36681664159760885 181.85340698234043089 181.36347668830211433 
190.41085115164250396 189.80403619898427792 189.18872887080016199 188.56683803401261912 187.93997771004234210 187.31051183986409114 186.68149396581415544 186.05526788359964030 185.43316310030056115 184.81536743932630884 184.20407099448286203 183.60230287115930992 183.01230646473311481 182.43117823593922822 181.85665510013478752 181.28970549529427103 180.73701402571646213 180.20411554313650981 
189.95716754951902772 189.31499876370969560 188.66574619574407734 188.00949625719664482 187.34748014303991681 186.68159383660247386 186.01405479846152957 185.34685669642951211 184.68156741991097647 184.01946404591134865 183.36232865726628916 182.71214247879447612 182.07032342383794798 181.43686384064142203 180.81211417469316416 180.19833621372919197 179.60082808209560312 179.02790690318522593 
189.50753791760271838 188.83304511059222364 188.14976089127071646 187.45792065599087550 186.75885276831914439 186.05432856504532424 185.34627469500100005 184.63653668374686845 183.92678583700350714 183.21859266714281489 182.51363710987754985 181.81361496291532376 181.11998091118383059 180.43383952809645621 179.75660154426824988 179.09069710283480958 178.44005518575252722 177.81051798745960468 
189.06359730567450583 188.35988286978661677 187.64233160275657042 186.91357270717790584 186.17568170920139892 185.43059296025964500 184.68017873275124430 183.92622950655450609 183.17044657721436351 182.41448367577993395 181.66001215218682319 180.90869935180643324 180.16214572988670284 179.42191181629334551 178.68975537144956434 177.96779546759034929 177.25817757062117153 176.56134974713535257 
188.63840161968991538 187.90055746012404825 187.14610994279198053 186.37835686076377328 185.59970840104983836 184.81218283404166414 184.01761776919084923 183.21775603250659969 182.41428728952055849 181.60888330657672896 180.80322847128439889 179.99902456223802005 179.19799084026425362 178.40190663574176710 177.61271265764736427 176.83255182545696016 176.06350988200742336 175.30640982594732691 
188.23529288644914459 187.45783540822856139 186.66319384752443966 185.85403639203630632 185.03261220019348343 184.20081220566726188 183.36035347746485513 182.51288956476156500 181.66006324178550813 180.80353378972318978 179.94499386413704656 179.08617958559804606 178.22888643319168978 177.37501122876309978 176.52663679794230234 175.68618929458375533 174.85690030600534328 174.04473692347403357 
187.85100970968116485 187.03229743881752256 186.19479364704184832 185.34198265966449526 184.47589180202149350 183.59810031097006799 182.71009437024085287 181.81338550729029180 180.90954232313782768 180.00019474639455552 179.08703360994371678 178.17181348282647946 177.25636407814243967 176.34261504817774835 175.43263401077604158 174.52866824893149555 173.63316512395718405 172.74863647005233247 
187.49347139065832835 186.62555099031945360 185.74170064216184528 184.84320879755938449 183.93087203725886525 183.00560286595171533 182.06853818523916289 181.12101577102200167 180.16452579708195003 179.20066926277459629 178.23113234641783720 177.25767665762279535 176.28214134837500637 175.30645087503049240 174.33261594805372852 173.36268456641013813 172.39845547084073019 171.44008854075698878 
187.15596035176980649 186.23473448964105614 185.30324913372763262 184.35827985115327010 183.39878468350383400 182.42490093033984522 181.43743973374316170 180.43761359447759673 179.42687583139451135 178.40682416120509401 177.37914985533132040 176.34561945287299523 175.30807378270543495 174.26843115551665164 173.22869433999935040 172.19099859781570672 171.15788365223968981 170.13359219849925807 
186.82142213891069105 185.85417748274824135 184.87828155195532531 183.88787678982319562 182.88108591526440705 181.85777643816157934 180.81870622491712197 179.76512304175182067 178.69853977281445623 177.62060169532105647 176.53302346083046359 175.43757751583359550 174.33610317405822343 173.23050562433252253 172.12273165861242319 171.01473183261472855 169.90848834180411586 168.80650545093510573 
186.47861839750052582 185.48227175048685922 184.46782280152308431 183.43385984092080321 182.37990574956990031 181.30641268212605155 180.21448568601292095 179.10563257479913091 177.98155852279157330 176.84401938643526364 175.69476477683693361 174.53556397557380819 173.36825577336247761 172.19475650914398557 171.01699483750419972 169.83670873222772002 168.65483243142810466 167.46934705559110057 
186.15389704916222513 185.12846832017643806 184.07687806273034425 182.99983402276791367 181.89826455996939103 180.77348285476082879 179.62719126221037413 178.46136304864126032 177.27804235711843717 176.07915255079257122 174.86645228450933587 173.64165783626333450 172.40659943467497328 171.16326980137782243 169.91378245003375014 168.66027582736492718 167.40478559609053377 166.14920638303587452 
185.85546557209252683 184.80082641832728996 183.71138710645476522 182.59033362745213935 181.43983561277988770 180.26206291473852161 179.05943345942748124 177.83458600043815068 176.59009530624942386 175.32809617510827138 174.05023397414549891 172.75801565029638596 171.45321432769731018 170.13794081165960392 168.81458933388921650 167.48582653110872798 166.15482774253436560 164.82698867033877832 
185.59808107391845056 184.50798467458625396 183.37751031731028206 182.21027776780684349 181.00868134896052197 179.77549973198682665 178.51389366032387329 177.22745218743548890 175.91965669233388780 174.59290286924667157 173.24837178666913928 171.88695646308036658 170.51030141415941443 169.12068978367517502 167.72080754275583558 166.31361322064748265 164.90171017260044550 163.48622586705542403 
185.39149354616853316 184.25552088878978907 183.08039172039414666 181.86458577750536847 180.60911228326946798 179.31736100392532762 177.99318926244669115 176.64167239664703857 175.26817640640501850 173.87548682287641100 172.46339384020501484 171.03113700119769192 169.58034508218580072 168.11370936612692617 166.63433783281254819 165.14610863612600156 163.65217386016558976 162.15287807603732517 
185.22139661791069898 184.04221361401107515 182.82394989797202811 181.55856133855192525 180.24582100268759177 178.89164273799931948 177.49982998889151986 176.07787173030192207 174.63588971376373138 173.17747417564993384 171.69857975007786877 170.19385261932055187 168.66623254726030723 167.11946476583514709 165.55672578624248104 163.98430963087935197 162.40799855589960998 160.83363831079159922 
185.06340299905826896 183.86798705137255183 182.61463291893173277 181.29988867604359370 179.92396765093050703 178.50355895649380500 177.03661622481905624 175.53409482190639324 174.02003654269907429 172.49994041588277582 170.95959836513702612 169.37946117874730589 167.77126772170078084 166.14119136371189711 164.48879091544392850 162.82640554525033849 161.16187242176292216 159.49614313328930848 
