199.72644774189956252 199.20723400631547406 198.76803377052559085 198.45113839127333222 198.28546684146348866 198.28546684146348866 198.45113839127333222 198.76803377052559085 199.20723400631547406 199.72644774189956252 
199.15080594205466014 197.53996689790159280 196.17949350366185968 195.19974958792579400 194.68832838619647418 194.68832838619647418 195.19974958792579400 196.17949350366185968 197.53996689790159280 199.15080594205466014 
198.48542555843076229 195.61661130360127459 193.20283318869383038 191.47254249178456575 190.57265045917424118 190.57265045917424118 191.47254249178456575 193.20283318869383038 195.61661130360127459 198.48542555843076229 
197.65499458518061715 193.22636796653733882 189.52850326135640557 186.90195554410837531 185.54578368663817400 185.54578368663817400 186.90195554410837531 189.52850326135640557 193.22636796653733882 197.65499458518061715 
196.55319408138123549 190.08181487376157293 184.75805056111670410 181.04224104403326123 179.14934736492406842 179.14934736492406842 181.04224104403326123 184.75805056111670410 190.08181487376157293 196.55319408138123549 
195.00590117393434753 185.73985511714352015 178.33653860629257792 173.33652671920663124 170.85065263507593158 170.85065263507593158 173.33652671920663124 178.33653860629254950 185.73985511714352015 195.00590117393434753 
192.67298813708208627 179.41907099988117125 169.43821909031842665 163.09804445589162469 160.07544855012190510 160.07544855012190510 163.09804445589162469 169.43821909031842665 179.41907099988117125 192.67298813708205785 
188.72176378378347295 169.52926651952881798 156.79716681130614120 149.56073515654060202 146.33276037341647680 146.33276037341647680 149.56073515654060202 156.79716681130614120 169.52926651952881798 188.72176378378347295 
180.32077358153762248 152.46003310209843562 138.67462867320801934 132.15481144565569593 129.49000162289837590 129.49000162289837590 132.15481144565569593 138.67462867320801934 152.46003310209843562 180.32077358153762248 
150.27355196844666807 121.32118628161855156 114.02477675703720195 111.22087878103116054 110.15543780749598568 110.15543780749598568 111.22087878103114633 114.02477675703721616 121.32118628161852314 150.27355196844663965 
