199.72284071844217124 199.19757014288865093 198.75489116821387370 198.43684157020848602 198.27110158754294389 198.27110158754294389 198.43684157020848602 198.75489116821387370 199.19757014288865093 199.72284071844217124 
199.13947416776437649 197.51011882778732343 196.14004412797231680 195.15821509528569777 194.64756477996343165 194.64756477996343165 195.15821509528569777 196.14004412797231680 197.51011882778732343 199.13947416776437649 
198.46441129259241620 195.56338687252417685 193.13695142060265653 191.40840990299901136 190.51337765706199434 190.51337765706199434 191.40840990299901136 193.13695142060265653 195.56338687252417685 198.46441129259241620 
197.61919542267366978 193.14206594911451020 189.43596477891554741 186.82509543904623683 185.48415828822425055 185.48415828822425055 186.82509543904623683 189.43596477891554741 193.14206594911451020 197.61919542267366978 
196.48949987166145092 189.94971672234507309 184.63974630689938294 180.97184878604684855 179.11400176856528788 179.11400176856528788 180.97184878604684855 184.63974630689938294 189.94971672234507309 196.48949987166145092 
194.87858721328871070 185.52755476170528937 178.20145494029071642 173.30855162967722549 170.88599823142570244 170.88599823142570244 173.30855162967722549 178.20145494029071642 185.52755476170528937 194.87858721328871070 
192.37588143307692690 179.08046017089708357 169.32996706288162159 163.17490456094645879 160.23544129603544661 160.23544129603544661 163.17490456094645879 169.32996706288162159 179.08046017089708357 192.37588143307692690 
187.92035978119901074 169.08843742592483750 156.86304857939273916 149.82565825519219516 146.64542109573497441 146.64542109573497441 149.82565825519219516 156.86304857939273916 169.08843742592483750 187.92035978119903916 
178.13748004699345984 152.48988117221074390 139.20813157357275713 132.61925878469523354 129.87516373597793518 129.87516373597793518 132.61925878469523354 139.20813157357275713 152.48988117221077232 178.13748004699345984 
150.27715928155760139 123.52547564235219113 114.86033775799263879 111.56808157403835935 110.36081132750403810 110.36081132750403810 111.56808157403835935 114.86033775799263879 123.52547564235219113 150.27715928155760139 
